# BSA BSA_A BSA_P BSA_C NIS_A NIS_P NIS_C
1.736694500000000062e+03 6.450815000000000055e+02 8.436770000000000209e+02 2.397604999999999791e+02 3.195000000000000284e+01 4.281349999999999767e+01 2.524849999999999994e+01
1.769034000000000106e+03 6.470095000000000027e+02 8.814935000000000400e+02 2.429920000000000186e+02 3.204899999999999949e+01 4.077599999999999625e+01 2.710450000000000159e+01
1.754204500000000053e+03 6.527210000000000036e+02 8.464020000000000437e+02 2.490840000000000032e+02 3.087600000000000122e+01 4.053750000000000142e+01 2.858350000000000080e+01
1.777235000000000127e+03 6.492380000000000564e+02 8.665320000000000391e+02 2.690174999999999841e+02 3.174750000000000227e+01 4.201950000000000074e+01 2.621249999999999858e+01
1.735911999999999807e+03 6.275099999999999909e+02 8.669684999999999491e+02 2.475690000000000168e+02 3.274500000000000455e+01 4.165200000000000102e+01 2.562999999999999901e+01
1.730179499999999962e+03 6.248269999999999982e+02 8.440819999999999936e+02 2.640974999999999682e+02 3.261050000000000182e+01 4.041499999999999915e+01 2.693649999999999878e+01
1.743819999999999936e+03 6.319570000000001073e+02 8.533750000000000000e+02 2.520364999999999895e+02 3.323250000000000171e+01 4.086849999999999739e+01 2.593199999999999861e+01
1.743152500000000146e+03 7.156960000000000264e+02 7.777115000000000009e+02 2.596734999999999900e+02 3.120049999999999812e+01 4.065900000000000603e+01 2.816700000000000159e+01
1.749913999999999987e+03 7.135644999999999527e+02 7.806625000000000227e+02 2.491784999999999854e+02 3.098199999999999932e+01 4.062049999999999983e+01 2.837400000000000233e+01
1.814263500000000022e+03 6.581974999999999909e+02 7.825470000000000255e+02 3.624630000000000223e+02 3.169149999999999778e+01 3.900000000000000000e+01 2.940650000000000119e+01
1.793208999999999833e+03 6.270815000000000055e+02 8.003900000000001000e+02 3.535544999999999618e+02 3.034349999999999881e+01 4.087950000000000017e+01 2.871099999999999852e+01
1.775101999999999862e+03 6.341890000000000782e+02 7.960280000000000200e+02 3.543410000000000082e+02 3.436549999999999727e+01 3.863850000000000051e+01 2.705250000000000199e+01
1.786140499999999975e+03 6.523224999999999909e+02 8.750709999999999127e+02 2.589560000000000173e+02 3.181799999999999784e+01 4.275200000000000244e+01 2.533350000000000080e+01
1.788092499999999973e+03 6.501939999999999600e+02 8.781435000000000173e+02 2.604370000000000118e+02 3.215899999999999892e+01 4.083549999999999613e+01 2.706149999999999878e+01
1.791668000000000120e+03 6.531095000000000255e+02 8.749569999999999936e+02 2.587570000000000050e+02 3.079250000000000043e+01 4.054600000000000648e+01 2.867050000000000054e+01
1.825730000000000018e+03 6.726069999999999709e+02 8.782884999999999991e+02 2.697379999999999995e+02 3.206750000000000256e+01 4.252550000000000097e+01 2.536500000000000199e+01
1.778726499999999987e+03 6.500339999999999918e+02 8.567625000000000455e+02 2.689444999999999482e+02 3.174349999999999739e+01 4.195799999999999841e+01 2.636599999999999966e+01
1.779860000000000127e+03 6.349474999999999909e+02 8.770099999999999909e+02 2.621614999999999895e+02 3.265800000000000125e+01 4.160150000000000148e+01 2.571349999999999980e+01
1.748911000000000058e+03 6.342595000000000027e+02 8.505515000000000327e+02 2.799495000000000005e+02 3.257399999999999807e+01 4.041299999999999670e+01 2.699699999999999989e+01
1.752225500000000011e+03 6.285119999999999436e+02 8.490489999999999782e+02 2.728089999999999691e+02 3.320550000000000068e+01 4.075900000000000034e+01 2.604050000000000153e+01
1.793723999999999933e+03 7.151179999999999382e+02 7.956760000000000446e+02 2.804445000000000050e+02 3.105000000000000071e+01 4.079449999999999932e+01 2.822050000000000125e+01
1.783298499999999876e+03 7.167619999999999436e+02 8.049535000000000764e+02 2.757334999999999923e+02 3.089649999999999963e+01 4.062349999999999994e+01 2.840500000000000114e+01
1.842713999999999942e+03 6.531789999999999736e+02 7.973834999999999127e+02 3.893440000000000509e+02 3.149599999999999866e+01 3.900450000000000017e+01 2.953450000000000131e+01
1.809525000000000091e+03 6.353704999999999927e+02 8.061630000000000109e+02 3.730989999999999895e+02 3.029899999999999949e+01 4.088100000000000023e+01 2.881199999999999761e+01
1.794380999999999858e+03 6.333179999999999836e+02 8.047725000000000364e+02 3.559759999999999991e+02 3.435849999999999937e+01 3.866599999999999682e+01 2.701550000000000296e+01
1.772388500000000022e+03 6.500810000000000173e+02 8.657369999999999663e+02 2.541939999999999884e+02 3.196049999999999969e+01 4.279550000000000409e+01 2.518200000000000216e+01
1.802447999999999865e+03 6.519370000000000118e+02 8.799660000000000082e+02 2.581580000000000155e+02 3.206650000000000489e+01 4.071049999999999613e+01 2.716300000000000026e+01
1.772002500000000055e+03 6.411535000000000082e+02 8.761799999999999500e+02 2.538470000000000084e+02 3.072899999999999920e+01 4.059900000000000375e+01 2.862650000000000006e+01
1.808462999999999965e+03 6.717640000000000100e+02 8.640025000000000546e+02 2.659465000000000146e+02 3.190500000000000114e+01 4.258700000000000330e+01 2.545199999999999818e+01
1.784624499999999898e+03 6.482495000000000118e+02 8.661775000000000091e+02 2.729515000000000100e+02 3.157900000000000063e+01 4.199799999999999756e+01 2.638150000000000261e+01
1.774174500000000080e+03 6.329420000000000073e+02 8.892119999999999891e+02 2.607469999999999573e+02 3.280499999999999972e+01 4.157350000000000279e+01 2.563199999999999790e+01
1.742953500000000076e+03 6.319149999999999636e+02 8.514190000000000964e+02 2.627074999999999818e+02 3.262999999999999545e+01 4.041299999999999670e+01 2.701050000000000040e+01
1.738422000000000025e+03 6.318589999999999236e+02 8.364935000000000400e+02 2.788859999999999673e+02 3.306300000000000239e+01 4.084149999999999636e+01 2.612399999999999878e+01
1.779637999999999920e+03 7.108865000000000691e+02 7.934014999999999418e+02 2.778509999999999991e+02 3.106299999999999883e+01 4.060699999999999932e+01 2.829149999999999920e+01
1.753043999999999869e+03 7.201834999999999809e+02 7.842195000000000391e+02 2.593295000000000528e+02 3.086899999999999977e+01 4.067099999999999937e+01 2.841550000000000153e+01
1.831983499999999822e+03 6.583185000000000855e+02 7.992785000000000082e+02 3.904629999999999654e+02 3.142849999999999966e+01 3.900750000000000028e+01 2.955250000000000199e+01
1.807704000000000178e+03 6.277325000000000728e+02 8.212839999999999918e+02 3.657185000000000059e+02 3.042650000000000077e+01 4.075699999999999790e+01 2.878650000000000020e+01
1.796667500000000018e+03 6.336000000000000227e+02 8.026335000000000264e+02 3.730679999999999836e+02 3.428849999999999909e+01 3.866299999999999670e+01 2.703500000000000014e+01
1.783175500000000056e+03 6.528799999999999955e+02 8.636700000000000728e+02 2.732279999999999518e+02 3.195949999999999847e+01 4.279599999999999937e+01 2.526149999999999807e+01
1.802313999999999851e+03 6.510689999999999600e+02 8.826490000000000009e+02 2.603675000000000068e+02 3.212749999999999773e+01 4.061950000000000216e+01 2.715149999999999864e+01
1.787984500000000025e+03 6.485294999999999845e+02 8.625620000000000118e+02 2.572239999999999895e+02 3.083200000000000074e+01 4.059199999999999875e+01 2.863900000000000290e+01
1.825586000000000013e+03 6.730570000000000164e+02 8.801684999999999945e+02 2.653535000000000537e+02 3.210949999999999704e+01 4.252049999999999841e+01 2.539649999999999963e+01
1.789453500000000076e+03 6.442664999999999509e+02 8.753634999999999309e+02 2.722155000000000200e+02 3.180100000000000193e+01 4.177100000000000080e+01 2.635699999999999932e+01
1.765110999999999876e+03 6.312004999999999200e+02 8.636479999999999109e+02 2.589445000000000050e+02 3.278699999999999903e+01 4.150950000000000273e+01 2.574249999999999972e+01
1.753050999999999931e+03 6.308645000000000209e+02 8.522445000000000164e+02 2.754490000000000123e+02 3.259300000000000352e+01 4.045050000000000523e+01 2.695599999999999952e+01
1.764844000000000051e+03 6.312074999999999818e+02 8.614814999999999827e+02 2.769624999999999773e+02 3.309100000000000108e+01 4.090449999999999875e+01 2.599549999999999983e+01
1.770755999999999858e+03 7.193585000000000491e+02 7.889410000000000309e+02 2.632450000000000045e+02 3.116850000000000165e+01 4.068299999999999983e+01 2.811800000000000210e+01
1.798076999999999998e+03 7.146024999999999636e+02 7.978179999999999836e+02 2.732259999999999991e+02 3.088250000000000028e+01 4.070050000000000523e+01 2.846600000000000108e+01
1.838059499999999844e+03 6.597049999999999272e+02 7.924839999999999236e+02 3.869225000000000136e+02 3.153049999999999997e+01 3.891599999999999682e+01 2.954549999999999699e+01
1.802112500000000182e+03 6.293530000000000655e+02 8.080515000000000327e+02 3.667440000000000282e+02 3.051149999999999807e+01 4.075549999999999784e+01 2.881000000000000227e+01
1.792117999999999938e+03 6.284909999999999854e+02 7.999724999999999682e+02 3.603799999999999955e+02 3.433849999999999625e+01 3.858549999999999613e+01 2.711200000000000188e+01
1.793005499999999984e+03 6.504500000000000455e+02 8.722635000000000218e+02 2.642334999999999923e+02 3.155899999999999750e+01 4.291299999999999670e+01 2.550349999999999895e+01
1.766381499999999960e+03 6.503775000000000546e+02 8.640819999999999936e+02 2.550620000000000118e+02 3.208800000000000097e+01 4.061249999999999716e+01 2.722500000000000142e+01
1.773997499999999945e+03 6.457760000000000673e+02 8.707574999999999363e+02 2.584515000000000100e+02 3.066949999999999932e+01 4.041749999999999687e+01 2.892799999999999727e+01
1.809569500000000062e+03 6.748125000000000000e+02 8.680650000000000546e+02 2.666820000000000164e+02 3.201700000000000301e+01 4.238000000000000256e+01 2.559199999999999875e+01
1.781669499999999971e+03 6.534714999999999918e+02 8.639515000000000100e+02 2.621440000000000055e+02 3.168750000000000000e+01 4.181000000000000227e+01 2.651500000000000057e+01
1.773444500000000062e+03 6.338419999999999845e+02 8.673099999999999454e+02 2.673329999999999700e+02 3.262950000000000017e+01 4.152299999999999613e+01 2.585099999999999909e+01
1.757773999999999887e+03 6.314535000000000764e+02 8.590969999999999800e+02 2.737909999999999968e+02 3.250200000000000244e+01 4.042349999999999710e+01 2.713649999999999807e+01
1.764796499999999924e+03 6.356014999999999873e+02 8.576639999999999873e+02 2.721175000000000068e+02 3.316100000000000136e+01 4.070749999999999602e+01 2.618549999999999756e+01
1.773107500000000073e+03 7.182374999999999545e+02 7.956870000000000118e+02 2.695004999999999882e+02 3.092699999999999960e+01 4.068250000000000455e+01 2.839099999999999824e+01
1.808202999999999975e+03 7.146490000000000009e+02 8.042395000000000209e+02 2.803825000000000500e+02 3.075950000000000273e+01 4.068599999999999994e+01 2.857200000000000273e+01
1.817599999999999909e+03 6.655240000000000009e+02 7.764504999999999200e+02 3.717259999999999991e+02 3.133200000000000074e+01 3.890299999999999869e+01 2.968350000000000222e+01
1.800485500000000002e+03 6.343875000000000455e+02 8.041390000000000100e+02 3.713774999999999977e+02 3.026299999999999812e+01 4.078499999999999659e+01 2.897950000000000159e+01
1.798760999999999967e+03 6.334755000000000109e+02 7.924594999999999345e+02 3.746354999999999791e+02 3.441599999999999682e+01 3.848099999999999454e+01 2.723049999999999926e+01
1.764662499999999909e+03 6.694735000000000582e+02 8.426335000000000264e+02 2.485589999999999975e+02 3.215350000000000108e+01 4.229050000000000153e+01 2.560999999999999943e+01
1.786847499999999854e+03 6.714800000000000182e+02 8.632860000000000582e+02 2.553234999999999957e+02 3.224500000000000455e+01 4.039199999999999591e+01 2.746600000000000108e+01
1.806245499999999993e+03 6.708820000000000618e+02 8.606594999999999800e+02 2.614165000000000418e+02 3.091299999999999670e+01 4.012099999999999511e+01 2.897350000000000136e+01
1.781442500000000109e+03 6.863914999999999509e+02 8.465260000000000673e+02 2.580935000000000059e+02 3.218850000000000477e+01 4.208299999999999841e+01 2.571549999999999869e+01
1.767484500000000025e+03 6.693759999999999764e+02 8.414794999999999163e+02 2.550175000000000125e+02 3.196600000000000108e+01 4.142399999999999949e+01 2.658350000000000080e+01
1.755996999999999844e+03 6.522759999999999536e+02 8.518405000000000200e+02 2.606725000000000136e+02 3.297599999999999909e+01 4.108200000000000074e+01 2.598449999999999704e+01
1.733762999999999920e+03 6.535540000000000873e+02 8.165950000000000273e+02 2.632640000000000100e+02 3.276599999999999824e+01 4.004250000000000398e+01 2.722999999999999687e+01
1.747746500000000196e+03 6.547825000000000273e+02 8.351114999999999782e+02 2.602939999999999827e+02 3.327700000000000102e+01 4.043399999999999750e+01 2.631149999999999878e+01
1.768067500000000109e+03 7.303064999999999145e+02 7.791925000000001091e+02 2.613015000000000327e+02 3.130149999999999721e+01 4.022449999999999903e+01 2.846699999999999875e+01
1.791065000000000055e+03 7.285330000000000155e+02 7.907190000000000509e+02 2.756750000000000114e+02 3.095100000000000051e+01 4.026099999999999568e+01 2.873349999999999937e+01
1.847672500000000127e+03 6.774490000000000691e+02 7.831055000000000064e+02 3.835365000000000464e+02 3.171950000000000003e+01 3.853199999999999648e+01 2.981649999999999778e+01
1.825209499999999935e+03 6.439774999999999636e+02 8.156960000000000264e+02 3.602959999999999923e+02 3.062449999999999761e+01 4.041599999999999682e+01 2.898900000000000077e+01
1.815142499999999927e+03 6.512529999999999291e+02 8.048085000000000946e+02 3.560045000000000073e+02 3.454000000000000625e+01 3.811299999999999955e+01 2.734900000000000020e+01
1.779045000000000073e+03 6.513945000000001073e+02 8.688079999999999927e+02 2.637060000000000173e+02 3.230550000000000210e+01 4.246949999999999648e+01 2.525800000000000267e+01
1.779083500000000186e+03 6.525460000000000491e+02 8.530554999999999382e+02 2.684764999999999873e+02 3.232399999999999807e+01 4.049599999999999511e+01 2.712599999999999767e+01
1.773019999999999982e+03 6.500004999999999882e+02 8.606079999999999472e+02 2.644244999999999663e+02 3.103099999999999881e+01 4.033750000000000568e+01 2.867000000000000171e+01
1.828078500000000076e+03 6.713224999999999909e+02 8.668384999999999536e+02 2.801809999999999832e+02 3.248899999999999721e+01 4.207450000000000045e+01 2.547500000000000142e+01
1.782226999999999862e+03 6.556014999999999873e+02 8.527944999999999709e+02 2.798764999999999645e+02 3.203249999999999886e+01 4.156600000000000250e+01 2.635450000000000159e+01
1.784662499999999909e+03 6.287045000000000528e+02 8.644204999999999472e+02 2.756385000000000218e+02 3.310500000000000398e+01 4.122750000000000625e+01 2.565200000000000102e+01
1.752733500000000049e+03 6.344584999999999582e+02 8.526879999999999882e+02 2.613965000000000032e+02 3.284499999999999886e+01 4.016250000000000142e+01 2.691499999999999915e+01
1.770527000000000044e+03 6.322105000000000246e+02 8.640240000000000009e+02 2.699840000000000373e+02 3.343299999999999983e+01 4.057949999999999591e+01 2.597700000000000031e+01
1.772903999999999996e+03 7.193904999999999745e+02 7.743440000000000509e+02 2.872350000000000136e+02 3.149050000000000082e+01 4.039999999999999858e+01 2.823700000000000188e+01
1.775366500000000087e+03 7.148954999999999700e+02 7.860960000000000036e+02 2.805850000000000364e+02 3.130499999999999972e+01 4.032250000000000512e+01 2.844800000000000040e+01
1.846419499999999971e+03 6.591090000000000373e+02 7.981269999999999527e+02 3.958890000000000100e+02 3.192349999999999710e+01 3.868800000000000239e+01 2.940899999999999892e+01
1.815516000000000076e+03 6.346825000000000045e+02 8.001269999999999527e+02 3.815800000000000409e+02 3.068800000000000239e+01 4.057649999999999579e+01 2.877349999999999852e+01
1.790317500000000109e+03 6.277249999999999091e+02 7.838949999999999818e+02 3.802864999999999895e+02 3.472749999999999915e+01 3.820000000000000284e+01 2.703950000000000031e+01
1.783324000000000069e+03 6.451375000000000455e+02 8.535135000000000218e+02 2.870369999999999777e+02 3.194599999999999795e+01 4.244700000000000273e+01 2.555100000000000193e+01
1.811638500000000022e+03 6.494914999999999736e+02 8.679894999999999072e+02 2.942450000000000045e+02 3.213850000000000051e+01 4.048949999999999960e+01 2.737199999999999989e+01
1.813921000000000049e+03 6.462429999999999382e+02 8.595194999999999936e+02 2.978759999999999764e+02 3.084949999999999903e+01 4.019849999999999568e+01 2.902349999999999852e+01
1.828461000000000013e+03 6.786330000000000382e+02 8.568389999999999418e+02 3.023999999999999773e+02 3.223999999999999488e+01 4.213949999999999818e+01 2.565800000000000125e+01
1.790985500000000002e+03 6.521559999999999491e+02 8.408179999999999836e+02 2.979214999999999804e+02 3.181600000000000250e+01 4.166649999999999920e+01 2.660600000000000165e+01
1.750786000000000058e+03 6.296870000000000118e+02 8.425599999999999454e+02 2.829245000000000232e+02 3.267150000000000176e+01 4.128849999999999909e+01 2.596399999999999864e+01
1.768251499999999851e+03 6.286130000000000564e+02 8.442445000000000164e+02 2.935259999999999536e+02 3.252799999999999869e+01 4.024299999999999500e+01 2.722950000000000159e+01
1.763884999999999991e+03 6.295099999999999909e+02 8.439984999999999218e+02 2.992635000000000218e+02 3.313349999999999795e+01 4.061400000000000432e+01 2.634499999999999886e+01
1.775972499999999854e+03 7.192374999999999545e+02 7.551710000000000491e+02 3.019884999999999877e+02 3.108399999999999963e+01 4.034250000000000114e+01 2.851550000000000296e+01
1.770944999999999936e+03 7.177519999999999527e+02 7.595750000000000455e+02 3.076404999999999745e+02 3.093649999999999878e+01 4.030250000000000199e+01 2.868400000000000105e+01
1.850550000000000182e+03 6.669600000000000364e+02 7.566934999999999718e+02 4.208624999999999545e+02 3.169449999999999790e+01 3.852499999999999858e+01 2.979550000000000054e+01
1.798956999999999880e+03 6.289995000000000118e+02 7.867000000000000455e+02 3.918365000000000009e+02 3.032300000000000040e+01 4.054649999999999466e+01 2.907849999999999824e+01
1.777606999999999971e+03 6.349049999999999727e+02 7.594729999999999563e+02 3.838450000000000273e+02 3.427150000000000318e+01 3.830049999999999955e+01 2.737299999999999756e+01
1.724515499999999975e+03 7.331575000000000273e+02 6.350834999999999582e+02 3.492264999999999873e+02 3.336100000000000421e+01 4.137650000000000006e+01 2.521349999999999980e+01
1.782370499999999993e+03 8.027464999999999691e+02 6.189639999999999418e+02 3.538289999999999509e+02 3.505849999999999511e+01 4.038599999999999568e+01 2.447400000000000020e+01
1.761512499999999818e+03 8.037680000000000291e+02 6.077934999999999945e+02 3.480149999999999864e+02 3.450350000000000250e+01 4.094800000000000040e+01 2.450549999999999784e+01
1.702738000000000056e+03 7.247970000000000255e+02 6.852449999999998909e+02 2.916539999999999964e+02 3.298799999999999955e+01 4.203900000000000148e+01 2.495700000000000074e+01
1.788741500000000087e+03 8.054950000000000045e+02 6.198125000000000000e+02 3.636525000000000318e+02 3.503249999999999886e+01 4.045850000000000080e+01 2.459850000000000136e+01
1.776023999999999887e+03 8.085684999999999718e+02 6.110895000000000437e+02 3.589164999999999850e+02 3.455899999999999750e+01 4.094400000000000261e+01 2.448749999999999716e+01
1.740178499999999985e+03 7.737264999999999873e+02 6.158379999999999654e+02 3.461530000000000200e+02 3.459699999999999420e+01 4.012000000000000455e+01 2.526099999999999923e+01
1.738057499999999891e+03 7.004859999999999900e+02 6.936849999999999454e+02 3.566654999999999518e+02 3.433849999999999625e+01 3.964650000000000318e+01 2.603399999999999892e+01
1.689983499999999822e+03 7.294249999999999545e+02 6.713619999999999663e+02 2.858890000000000100e+02 3.306050000000000466e+01 4.195949999999999847e+01 2.492399999999999949e+01
1.772421499999999924e+03 7.974490000000000691e+02 6.202995000000000800e+02 3.470275000000000318e+02 3.509099999999999397e+01 4.025000000000000000e+01 2.458350000000000080e+01
1.770225500000000011e+03 8.036375000000000455e+02 6.018700000000000045e+02 3.576245000000000118e+02 3.457200000000000273e+01 4.091349999999999909e+01 2.458399999999999963e+01
1.748021499999999833e+03 7.857194999999999254e+02 6.109764999999999873e+02 3.504184999999999945e+02 3.469249999999999545e+01 4.003450000000000131e+01 2.523649999999999949e+01
1.742675500000000056e+03 7.046030000000000655e+02 6.877564999999999600e+02 3.560720000000000027e+02 3.436050000000000182e+01 3.951899999999999835e+01 2.607999999999999829e+01
1.713082499999999982e+03 7.302815000000000509e+02 6.878810000000000855e+02 2.951625000000000227e+02 3.303399999999999892e+01 4.199150000000000205e+01 2.498949999999999960e+01
1.787924500000000080e+03 8.081019999999999754e+02 6.120260000000000673e+02 3.593129999999999882e+02 3.495250000000000057e+01 4.031099999999999994e+01 2.479550000000000054e+01
1.750627500000000055e+03 8.072709999999999582e+02 6.020219999999999345e+02 3.510840000000000032e+02 3.454549999999999699e+01 4.082200000000000273e+01 2.470100000000000051e+01
1.730590500000000020e+03 7.806904999999999291e+02 6.015105000000000928e+02 3.563250000000000455e+02 3.404500000000000171e+01 4.009449999999999648e+01 2.583400000000000318e+01
1.742885499999999865e+03 7.779194999999999709e+02 6.165760000000000218e+02 3.518155000000000427e+02 3.388850000000000051e+01 4.035099999999999909e+01 2.580499999999999972e+01
1.741034999999999854e+03 7.861279999999999291e+02 6.115975000000000819e+02 3.476634999999999991e+02 3.340399999999999636e+01 4.104349999999999454e+01 2.548300000000000054e+01
1.730002500000000055e+03 7.358654999999999973e+02 6.373315000000000055e+02 3.450539999999999736e+02 3.307549999999999812e+01 4.136899999999999977e+01 2.557649999999999935e+01
1.741796000000000049e+03 7.834560000000000173e+02 6.072180000000000746e+02 3.489209999999999923e+02 3.416599999999999682e+01 4.074899999999999523e+01 2.514949999999999974e+01
1.743655999999999949e+03 7.839845000000000255e+02 6.152329999999999472e+02 3.500040000000000191e+02 3.459900000000000375e+01 4.002599999999999625e+01 2.536200000000000188e+01
1.733566499999999905e+03 7.800309999999999491e+02 6.155409999999999400e+02 3.489154999999999518e+02 3.421999999999999886e+01 4.012000000000000455e+01 2.562899999999999778e+01
1.740060500000000047e+03 7.785254999999999654e+02 5.989555000000000291e+02 3.527599999999999909e+02 3.464650000000000318e+01 3.968299999999999983e+01 2.570100000000000051e+01
1.739943999999999960e+03 7.037880000000000109e+02 6.856040000000000418e+02 3.559920000000000186e+02 3.435099999999999909e+01 3.939799999999999613e+01 2.626249999999999929e+01
1.679411000000000058e+03 7.449365000000000236e+02 6.690924999999999727e+02 2.622665000000000077e+02 3.330450000000000443e+01 4.151999999999999602e+01 2.525499999999999901e+01
1.773117999999999938e+03 8.154690000000000509e+02 6.014755000000000109e+02 3.617010000000000218e+02 3.510500000000000398e+01 3.996600000000000108e+01 2.484049999999999869e+01
1.773194500000000062e+03 8.162725000000000364e+02 5.976195000000000164e+02 3.454895000000000209e+02 3.475999999999999801e+01 4.048850000000000193e+01 2.479849999999999710e+01
1.732328500000000076e+03 8.004859999999999900e+02 5.869559999999999036e+02 3.392239999999999895e+02 3.444899999999999807e+01 3.964700000000000557e+01 2.584049999999999869e+01
1.742174999999999955e+03 7.947764999999999418e+02 5.994795000000000300e+02 3.455190000000000055e+02 3.403549999999999898e+01 4.012149999999999750e+01 2.589399999999999835e+01
1.748302500000000009e+03 7.955665000000000191e+02 5.954790000000000418e+02 3.471665000000000418e+02 3.370350000000000534e+01 4.078249999999999886e+01 2.558849999999999980e+01
1.734253000000000156e+03 7.932809999999999491e+02 6.123375000000000909e+02 3.471899999999999977e+02 3.425249999999999773e+01 4.042900000000000205e+01 2.531799999999999784e+01
1.729681999999999789e+03 7.902894999999999754e+02 5.929584999999999582e+02 3.404610000000000127e+02 3.490200000000000102e+01 3.947749999999999915e+01 2.558800000000000097e+01
1.760904999999999973e+03 7.973264999999998963e+02 6.068690000000000282e+02 3.743684999999999832e+02 3.452100000000000080e+01 3.970900000000000318e+01 2.576249999999999929e+01
1.753875999999999976e+03 7.998565000000000964e+02 5.890560000000000400e+02 3.605989999999999895e+02 3.488649999999999807e+01 3.931799999999999784e+01 2.585000000000000142e+01
1.753323499999999967e+03 7.213350000000000364e+02 6.638530000000000655e+02 3.579334999999999809e+02 3.453199999999999648e+01 3.905100000000000193e+01 2.638700000000000045e+01
1.744360000000000127e+03 8.037680000000000291e+02 5.927715000000000600e+02 3.456024999999999636e+02 3.542449999999999477e+01 4.010200000000000387e+01 2.453150000000000119e+01
1.762374000000000024e+03 8.069660000000000082e+02 5.990389999999999873e+02 3.585754999999999768e+02 3.485299999999999443e+01 4.059049999999999869e+01 2.456199999999999761e+01
1.742135499999999865e+03 7.928495000000000346e+02 5.909755000000000109e+02 3.509950000000000045e+02 3.456250000000000000e+01 3.976950000000000074e+01 2.565850000000000009e+01
1.748420000000000073e+03 6.977214999999999918e+02 6.913170000000000073e+02 3.659914999999999736e+02 3.457500000000000284e+01 3.923900000000000432e+01 2.613599999999999923e+01
1.712771999999999935e+03 7.335595000000000709e+02 6.656834999999999809e+02 3.150219999999999914e+02 3.310299999999999443e+01 4.170700000000000074e+01 2.518550000000000111e+01
1.788565499999999929e+03 8.038475000000000819e+02 5.834200000000000728e+02 3.939199999999999591e+02 3.508400000000000318e+01 4.011100000000000421e+01 2.476299999999999812e+01
1.778931000000000040e+03 7.987300000000000182e+02 5.836984999999999673e+02 3.888299999999999841e+02 3.470250000000000057e+01 4.058449999999999847e+01 2.474699999999999989e+01
1.755602499999999964e+03 7.784445000000000618e+02 5.878154999999999291e+02 3.769725000000000250e+02 3.420150000000000290e+01 4.057800000000000296e+01 2.520349999999999824e+01
1.774674999999999955e+03 7.868830000000000382e+02 5.954884999999999309e+02 3.883695000000000164e+02 3.469549999999999557e+01 3.978449999999999420e+01 2.545049999999999812e+01
1.743913000000000011e+03 7.842174999999999727e+02 5.706704999999999472e+02 3.843640000000000327e+02 3.436950000000000216e+01 3.998250000000000171e+01 2.564600000000000080e+01
1.753681500000000142e+03 7.817539999999999054e+02 5.731089999999999236e+02 3.955190000000000055e+02 3.485999999999999943e+01 3.955400000000000205e+01 2.575350000000000250e+01
1.732864500000000135e+03 7.003134999999999764e+02 6.626325000000000500e+02 3.699065000000000509e+02 3.429000000000000625e+01 3.934250000000000114e+01 2.641550000000000153e+01
2.052848500000000058e+03 4.651920000000000073e+02 1.293347499999999854e+03 2.865244999999999891e+02 3.400350000000000250e+01 4.148499999999999943e+01 2.452649999999999864e+01
2.022326999999999998e+03 4.493725000000000023e+02 1.297496999999999844e+03 2.789329999999999927e+02 3.420600000000000307e+01 3.925200000000000244e+01 2.650950000000000273e+01
2.028733500000000049e+03 4.712864999999999895e+02 1.240193999999999960e+03 3.370009999999999764e+02 3.235249999999999915e+01 3.946900000000000119e+01 2.806649999999999778e+01
2.007192500000000109e+03 4.774885000000000446e+02 1.220413999999999987e+03 3.388609999999999900e+02 3.392699999999999960e+01 4.077199999999999847e+01 2.529449999999999932e+01
2.027662499999999909e+03 4.764234999999999900e+02 1.165148000000000138e+03 3.788700000000000045e+02 3.398199999999999932e+01 4.012699999999999534e+01 2.587999999999999901e+01
2.040588499999999840e+03 4.771354999999999791e+02 1.223588500000000067e+03 3.328674999999999500e+02 3.468949999999999534e+01 3.982099999999999795e+01 2.543500000000000227e+01
2.020030499999999847e+03 4.702189999999999941e+02 1.195054499999999962e+03 3.220320000000000391e+02 3.506550000000000011e+01 3.917099999999999937e+01 2.574200000000000088e+01
2.026689499999999953e+03 4.735960000000000036e+02 1.212918499999999995e+03 3.343975000000000364e+02 3.437800000000000011e+01 3.888850000000000051e+01 2.664150000000000063e+01
2.014445999999999913e+03 5.243840000000000146e+02 1.162206999999999880e+03 3.028324999999999818e+02 3.348900000000000432e+01 3.896200000000000330e+01 2.759499999999999886e+01
1.995690000000000055e+03 5.182110000000000127e+02 1.159837999999999965e+03 3.224834999999999923e+02 3.293649999999999523e+01 3.925700000000000500e+01 2.791599999999999682e+01
2.123657999999999902e+03 4.918129999999999882e+02 1.117410499999999956e+03 5.226465000000000600e+02 3.465299999999999869e+01 3.661599999999999966e+01 2.885900000000000176e+01
1.998709499999999935e+03 4.437290000000000418e+02 1.146028499999999894e+03 3.994605000000000246e+02 3.389699999999999847e+01 3.856250000000000000e+01 2.756550000000000011e+01
1.994483999999999924e+03 4.584890000000000327e+02 1.071134999999999991e+03 4.635144999999999982e+02 3.505700000000000216e+01 3.734099999999999397e+01 2.759649999999999892e+01
1.808309499999999844e+03 4.663460000000000036e+02 1.060953999999999951e+03 2.851634999999999991e+02 3.422899999999999920e+01 4.115699999999999648e+01 2.461350000000000193e+01
1.815259500000000116e+03 4.480570000000000164e+02 1.060420500000000175e+03 2.934259999999999877e+02 3.420799999999999841e+01 3.908400000000000318e+01 2.672100000000000009e+01
1.803889000000000124e+03 4.657490000000000236e+02 1.002964500000000044e+03 3.435720000000000027e+02 3.248149999999999693e+01 3.933750000000000568e+01 2.822549999999999670e+01
1.836252500000000055e+03 4.691620000000000346e+02 1.025128999999999905e+03 3.360924999999999727e+02 3.389900000000000091e+01 4.045949999999999847e+01 2.556449999999999889e+01
1.829497000000000071e+03 4.690639999999999645e+02 9.932049999999999272e+02 3.740799999999999841e+02 3.385249999999999915e+01 4.006749999999999545e+01 2.605000000000000071e+01
1.831168000000000120e+03 4.744789999999999850e+02 1.005923499999999990e+03 3.482789999999999964e+02 3.467249999999999943e+01 3.963200000000000500e+01 2.561299999999999955e+01
1.827523999999999887e+03 4.764205000000000041e+02 1.008629000000000019e+03 3.478904999999999745e+02 3.511099999999999710e+01 3.905450000000000443e+01 2.579149999999999920e+01
1.831786999999999807e+03 4.668909999999999627e+02 1.014520999999999958e+03 3.527005000000000337e+02 3.430100000000000193e+01 3.881250000000000000e+01 2.681150000000000233e+01
1.820512999999999920e+03 5.450449999999999591e+02 9.724104999999999563e+02 3.066684999999999945e+02 3.327700000000000102e+01 3.887449999999999761e+01 2.773550000000000182e+01
1.803590500000000020e+03 5.258009999999999309e+02 9.630009999999999764e+02 3.193814999999999600e+02 3.313400000000000034e+01 3.879599999999999937e+01 2.807099999999999795e+01
1.910971000000000004e+03 4.778975000000000364e+02 9.330664999999999054e+02 5.002305000000000064e+02 3.448449999999999704e+01 3.660899999999999466e+01 2.890399999999999991e+01
1.793648500000000013e+03 4.368619999999999663e+02 9.671539999999999964e+02 3.850674999999999955e+02 3.399300000000000210e+01 3.830499999999999972e+01 2.767000000000000171e+01
1.814063500000000204e+03 4.570364999999999895e+02 9.044534999999999627e+02 4.587520000000000095e+02 3.524150000000000205e+01 3.710800000000000409e+01 2.774000000000000199e+01
1.806011500000000069e+03 4.767395000000000209e+02 1.065204999999999927e+03 2.758659999999999854e+02 3.420499999999999829e+01 4.096450000000000102e+01 2.480049999999999955e+01
1.774601000000000113e+03 4.530475000000000136e+02 1.038811500000000024e+03 2.778145000000000095e+02 3.422299999999999898e+01 3.896949999999999648e+01 2.682249999999999801e+01
1.816496999999999844e+03 4.738190000000000168e+02 9.956055000000000064e+02 3.325594999999999573e+02 3.262149999999999750e+01 3.909850000000000136e+01 2.822650000000000148e+01
1.834659499999999980e+03 4.738659999999999854e+02 1.014495000000000005e+03 3.332475000000000023e+02 3.420100000000000051e+01 4.017050000000000409e+01 2.561149999999999949e+01
1.796060500000000047e+03 4.700665000000000191e+02 9.925494999999999663e+02 3.509424999999999955e+02 3.406650000000000489e+01 3.987349999999999994e+01 2.617499999999999716e+01
1.773846000000000004e+03 4.710244999999999891e+02 9.824729999999999563e+02 3.290855000000000246e+02 3.481900000000000261e+01 3.951999999999999602e+01 2.560200000000000031e+01
1.816115999999999985e+03 4.705990000000000464e+02 9.855099999999999909e+02 3.376454999999999700e+02 3.522749999999999915e+01 3.883100000000000307e+01 2.586899999999999977e+01
1.789634999999999991e+03 4.707255000000000109e+02 9.972474999999999454e+02 3.328585000000000491e+02 3.462500000000000000e+01 3.859000000000000341e+01 2.687199999999999989e+01
1.796338499999999840e+03 5.272324999999999591e+02 9.589624999999999773e+02 2.859929999999999950e+02 3.357349999999999568e+01 3.875650000000000261e+01 2.774000000000000199e+01
1.811026499999999942e+03 5.350025000000000546e+02 9.653930000000000291e+02 3.003424999999999727e+02 3.320499999999999829e+01 3.863499999999999801e+01 2.812749999999999773e+01
1.902021999999999935e+03 4.772830000000000155e+02 9.170889999999999418e+02 4.956744999999999663e+02 3.463500000000000512e+01 3.631749999999999545e+01 2.897950000000000159e+01
1.805278000000000020e+03 4.351440000000000055e+02 9.799314999999999145e+02 3.872214999999999918e+02 3.410949999999999704e+01 3.817949999999999733e+01 2.774949999999999761e+01
1.778589500000000044e+03 4.596895000000000095e+02 9.085425000000000182e+02 4.157660000000000196e+02 3.535699999999999932e+01 3.690500000000000114e+01 2.776350000000000051e+01
2.026445500000000038e+03 5.732000000000000455e+02 1.146875999999999976e+03 3.139890000000000327e+02 3.423349999999999937e+01 4.119899999999999807e+01 2.455300000000000082e+01
2.008543000000000120e+03 5.558920000000000528e+02 1.151543999999999869e+03 3.169664999999999964e+02 3.432099999999999795e+01 3.909899999999999665e+01 2.656200000000000117e+01
2.015576000000000022e+03 5.708455000000000155e+02 1.087355500000000120e+03 3.628279999999999745e+02 3.253750000000000142e+01 3.931749999999999545e+01 2.796849999999999881e+01
2.053610999999999876e+03 5.844969999999999573e+02 1.088174500000000080e+03 3.645534999999999854e+02 3.414050000000000296e+01 4.053549999999999898e+01 2.527649999999999864e+01
2.014874000000000024e+03 5.706490000000000009e+02 1.049773500000000013e+03 4.024864999999999782e+02 3.387399999999999523e+01 4.010249999999999915e+01 2.597449999999999903e+01
2.011203500000000076e+03 5.757314999999999827e+02 1.081749000000000024e+03 3.698360000000000127e+02 3.493149999999999977e+01 3.965800000000000125e+01 2.533200000000000074e+01
2.033376500000000078e+03 5.770270000000000437e+02 1.088410499999999956e+03 3.706059999999999945e+02 3.516499999999999915e+01 3.909199999999999875e+01 2.569549999999999912e+01
2.026120499999999993e+03 5.692954999999999472e+02 1.084115000000000009e+03 3.744424999999999955e+02 3.446500000000000341e+01 3.890250000000000341e+01 2.662650000000000006e+01
2.034344499999999925e+03 6.353880000000000337e+02 1.051143000000000029e+03 3.408469999999999800e+02 3.331900000000000261e+01 3.904900000000000659e+01 2.765449999999999875e+01
2.016848500000000058e+03 6.370035000000000309e+02 1.047814499999999953e+03 3.423750000000000000e+02 3.298999999999999488e+01 3.908550000000000324e+01 2.792699999999999960e+01
2.109078999999999724e+03 5.842429999999999382e+02 9.954845000000000255e+02 5.300439999999999827e+02 3.464600000000000080e+01 3.651999999999999602e+01 2.875150000000000006e+01
2.017821500000000015e+03 5.387759999999999536e+02 1.060594000000000051e+03 4.212909999999999968e+02 3.409749999999999659e+01 3.834700000000000131e+01 2.759649999999999892e+01
2.010016500000000178e+03 5.711064999999999827e+02 9.786254999999999882e+02 4.758729999999999905e+02 3.518099999999999739e+01 3.719400000000000261e+01 2.760249999999999915e+01
2.059051999999999680e+03 5.933009999999999309e+02 1.098168999999999869e+03 3.729950000000000045e+02 3.482600000000000051e+01 4.056949999999999790e+01 2.466000000000000014e+01
2.073364499999999680e+03 5.607964999999999236e+02 1.124043999999999869e+03 3.669789999999999850e+02 3.485500000000000398e+01 3.852649999999999864e+01 2.666949999999999932e+01
2.070906500000000051e+03 5.926939999999999600e+02 1.051380500000000211e+03 4.227740000000000009e+02 3.317799999999999727e+01 3.877049999999999841e+01 2.806349999999999767e+01
2.094492499999999836e+03 5.940170000000000528e+02 1.066070500000000038e+03 4.481019999999999754e+02 3.468900000000000006e+01 3.991400000000000148e+01 2.540350000000000108e+01
2.104831999999999880e+03 5.905180000000000291e+02 1.036436999999999898e+03 4.622804999999999609e+02 3.440699999999999648e+01 3.958899999999999864e+01 2.605349999999999966e+01
2.063052499999999782e+03 5.918099999999999454e+02 1.066061000000000149e+03 4.279350000000000023e+02 3.520850000000000080e+01 3.925100000000000477e+01 2.555549999999999855e+01
2.088610499999999774e+03 5.937390000000000327e+02 1.054106500000000096e+03 4.368965000000000032e+02 3.570600000000000307e+01 3.854599999999999937e+01 2.575400000000000134e+01
2.101382999999999811e+03 5.913809999999999718e+02 1.073260499999999865e+03 4.354120000000000346e+02 3.508899999999999864e+01 3.817650000000000432e+01 2.674900000000000233e+01
2.070838999999999942e+03 6.516085000000000491e+02 1.008528000000000020e+03 3.994099999999999682e+02 3.391899999999999693e+01 3.832949999999999591e+01 2.783699999999999974e+01
2.089662000000000262e+03 6.494804999999998927e+02 1.026769999999999982e+03 4.267870000000000346e+02 3.353350000000000364e+01 3.834000000000000341e+01 2.812100000000000222e+01
2.157631500000000415e+03 6.017464999999999691e+02 9.669805000000000064e+02 5.981214999999999691e+02 3.499799999999999756e+01 3.608500000000000085e+01 2.892999999999999972e+01
2.033596500000000106e+03 5.535330000000000155e+02 1.013827999999999975e+03 4.622450000000000045e+02 3.453549999999999898e+01 3.773799999999999955e+01 2.768149999999999977e+01
2.074869999999999891e+03 5.928414999999999964e+02 9.678924999999999272e+02 5.428734999999999218e+02 3.570799999999999841e+01 3.641799999999999926e+01 2.778500000000000014e+01
2.088985499999999774e+03 5.884380000000001019e+02 1.124521500000000060e+03 3.677160000000000082e+02 3.483400000000000318e+01 4.069849999999999568e+01 2.452649999999999864e+01
2.073706500000000233e+03 5.680274999999999181e+02 1.134860999999999876e+03 3.847044999999999959e+02 3.475849999999999795e+01 3.878249999999999886e+01 2.655600000000000094e+01
2.060054000000000087e+03 5.861154999999999973e+02 1.044369999999999891e+03 4.243690000000000282e+02 3.304800000000000182e+01 3.895250000000000057e+01 2.799699999999999989e+01
2.097499499999999898e+03 5.995779999999999745e+02 1.045509999999999991e+03 4.350049999999999955e+02 3.451200000000000045e+01 4.010099999999999909e+01 2.546849999999999881e+01
2.102252999999999702e+03 5.842595000000000027e+02 1.028804000000000087e+03 4.794014999999999986e+02 3.414050000000000296e+01 3.969350000000000023e+01 2.612199999999999989e+01
2.112056999999999789e+03 5.895199999999999818e+02 1.073317999999999984e+03 4.333764999999999645e+02 3.532900000000000063e+01 3.921349999999999625e+01 2.542549999999999955e+01
2.064949000000000069e+03 5.909490000000000691e+02 1.066010499999999865e+03 4.255235000000000127e+02 3.553000000000000114e+01 3.869149999999999778e+01 2.574849999999999994e+01
2.067239000000000033e+03 5.829945000000000164e+02 1.060826999999999998e+03 4.167055000000000291e+02 3.494299999999999784e+01 3.833249999999999602e+01 2.673949999999999960e+01
2.075202000000000226e+03 6.543624999999999545e+02 1.012826999999999998e+03 4.054549999999999841e+02 3.394250000000000256e+01 3.847100000000000364e+01 2.765700000000000003e+01
2.060038000000000011e+03 6.445615000000000236e+02 1.019775999999999954e+03 4.084975000000000023e+02 3.353199999999999648e+01 3.854149999999999920e+01 2.797800000000000153e+01
2.177981499999999869e+03 5.922815000000000509e+02 9.763085000000000946e+02 6.085019999999999527e+02 3.496549999999999869e+01 3.613600000000000279e+01 2.878750000000000142e+01
2.066811499999999796e+03 5.705219999999999345e+02 1.031358500000000049e+03 4.818754999999999882e+02 3.433950000000000102e+01 3.799799999999999756e+01 2.762749999999999773e+01
2.086046499999999924e+03 5.972495000000000118e+02 9.604110000000000582e+02 5.369000000000000909e+02 3.560699999999999932e+01 3.661149999999999949e+01 2.767800000000000082e+01
2.066184499999999844e+03 5.715319999999999254e+02 1.070017499999999927e+03 4.273774999999999977e+02 3.450300000000000011e+01 4.006000000000000227e+01 2.544350000000000023e+01
1.857397500000000036e+03 5.647954999999999472e+02 9.015674999999999955e+02 3.990475000000000136e+02 3.457049999999999557e+01 3.982699999999999818e+01 2.563550000000000040e+01
1.807548999999999978e+03 6.082725000000000364e+02 8.488804999999999836e+02 3.544769999999999754e+02 3.361299999999999955e+01 4.006199999999999761e+01 2.635999999999999943e+01
1.835253999999999905e+03 5.616265000000000782e+02 8.825299999999999727e+02 3.904825000000000159e+02 3.464050000000000296e+01 3.965599999999999881e+01 2.571300000000000097e+01
2.046328500000000076e+03 6.691314999999999600e+02 9.565615000000000236e+02 4.319025000000000318e+02 3.463600000000000279e+01 3.990550000000000352e+01 2.540149999999999864e+01
2.020924500000000080e+03 7.173084999999999809e+02 9.318769999999999527e+02 3.815749999999999886e+02 3.372950000000000159e+01 4.017000000000000171e+01 2.617150000000000176e+01
1.966423499999999876e+03 6.424100000000000819e+02 9.520495000000000800e+02 3.730190000000000055e+02 3.356900000000000261e+01 4.029899999999999949e+01 2.613450000000000273e+01
1.960567999999999984e+03 6.550765000000000100e+02 9.539455000000000382e+02 3.579510000000000218e+02 3.298049999999999926e+01 3.987749999999999773e+01 2.714450000000000074e+01
1.988749499999999898e+03 6.433029999999999973e+02 1.008926500000000033e+03 3.356315000000000168e+02 3.252750000000000341e+01 4.031000000000000227e+01 2.719149999999999778e+01
1.988067999999999984e+03 6.494769999999999754e+02 1.008221000000000004e+03 3.370475000000000136e+02 3.215050000000000097e+01 4.104850000000000421e+01 2.680899999999999750e+01
1.993694500000000062e+03 6.495815000000000055e+02 1.002413499999999999e+03 3.457620000000000005e+02 3.182450000000000045e+01 4.124649999999999750e+01 2.691449999999999676e+01
1.973018499999999904e+03 6.421185000000000400e+02 1.004330500000000029e+03 3.357965000000000373e+02 3.284449999999999648e+01 4.079050000000000153e+01 2.638400000000000034e+01
1.984065500000000156e+03 6.390199999999999818e+02 1.004486499999999978e+03 3.408149999999999977e+02 3.336299999999999955e+01 3.994749999999999801e+01 2.666400000000000148e+01
1.985386999999999944e+03 6.461910000000000309e+02 9.730989999999999327e+02 3.705929999999999609e+02 3.306600000000000250e+01 4.004399999999999693e+01 2.693349999999999866e+01
1.975405999999999949e+03 6.435920000000000982e+02 9.818354999999999109e+02 3.616190000000000282e+02 3.331850000000000023e+01 3.966199999999999903e+01 2.697400000000000020e+01
2.047456999999999880e+03 5.930354999999999563e+02 1.067429000000000087e+03 3.965314999999999941e+02 3.532150000000000034e+01 3.824800000000000466e+01 2.651650000000000063e+01
2.093872999999999593e+03 6.823555000000000064e+02 9.263340000000000600e+02 4.935264999999999986e+02 3.522800000000000153e+01 3.923799999999999955e+01 2.556199999999999761e+01
2.076880000000000109e+03 7.288665000000000873e+02 9.080820000000001073e+02 4.463799999999999955e+02 3.429200000000000159e+01 3.938600000000000279e+01 2.628300000000000125e+01
2.040770499999999856e+03 6.632155000000000200e+02 9.436524999999999181e+02 4.377425000000000068e+02 3.399649999999999750e+01 3.974500000000000455e+01 2.623899999999999721e+01
2.044832499999999982e+03 6.657440000000000282e+02 9.481779999999999973e+02 4.289315000000000282e+02 3.340699999999999648e+01 3.929999999999999716e+01 2.732499999999999929e+01
2.017307999999999993e+03 6.625505000000000564e+02 9.737635000000000218e+02 3.932785000000000082e+02 3.312550000000000239e+01 3.955749999999999744e+01 2.724099999999999966e+01
2.068691499999999905e+03 6.568105000000000473e+02 9.845109999999999673e+02 4.145815000000000055e+02 3.254649999999999466e+01 4.038949999999999818e+01 2.698949999999999960e+01
2.066608499999999822e+03 6.565384999999999991e+02 9.805705000000000382e+02 4.203584999999999923e+02 3.244549999999999557e+01 4.065099999999999625e+01 2.694149999999999778e+01
2.024465499999999793e+03 6.598079999999999927e+02 9.803819999999999482e+02 3.848374999999999773e+02 3.337749999999999773e+01 4.013400000000000034e+01 2.650949999999999918e+01
2.013794499999999971e+03 6.584849999999999000e+02 9.738329999999999700e+02 3.946005000000000109e+02 3.402499999999999858e+01 3.919950000000000045e+01 2.684450000000000003e+01
2.038361499999999978e+03 6.587370000000000800e+02 9.592055000000000291e+02 4.373184999999999718e+02 3.346649999999999636e+01 3.947950000000000159e+01 2.704249999999999687e+01
2.034968499999999949e+03 6.620444999999999709e+02 9.450019999999999527e+02 4.310699999999999932e+02 3.385200000000000387e+01 3.894050000000000011e+01 2.715099999999999980e+01
2.085425499999999829e+03 6.023075000000000045e+02 1.029436999999999898e+03 4.453480000000000132e+02 3.560500000000000398e+01 3.779250000000000398e+01 2.659949999999999903e+01
2.090707499999999982e+03 6.725890000000000555e+02 9.407754999999999654e+02 4.861749999999999545e+02 3.500000000000000000e+01 3.959400000000000119e+01 2.555499999999999972e+01
2.087198999999999614e+03 7.295529999999999973e+02 9.074379999999999882e+02 4.313335000000000150e+02 3.411700000000000443e+01 3.967350000000000421e+01 2.615650000000000119e+01
2.057717000000000098e+03 6.614080000000000155e+02 9.582135000000000673e+02 4.344134999999999991e+02 3.400950000000000273e+01 3.983249999999999602e+01 2.614349999999999952e+01
2.043924500000000080e+03 6.639435000000000855e+02 9.424904999999999973e+02 4.310985000000000014e+02 3.325950000000000273e+01 3.952250000000000085e+01 2.720850000000000080e+01
2.047543499999999767e+03 6.647110000000000127e+02 9.881295000000000073e+02 3.969840000000000373e+02 3.298049999999999926e+01 3.995649999999999835e+01 2.713499999999999801e+01
2.043353000000000065e+03 6.591480000000000246e+02 9.798575000000000728e+02 4.214344999999999573e+02 3.253650000000000375e+01 4.051300000000000523e+01 2.686299999999999955e+01
2.027400999999999840e+03 6.572580000000000382e+02 9.685075000000000500e+02 4.117390000000000327e+02 3.231400000000000006e+01 4.082099999999999795e+01 2.692300000000000182e+01
2.029778999999999996e+03 6.504729999999999563e+02 9.703070000000000164e+02 3.979410000000000309e+02 3.328950000000000387e+01 4.036449999999999960e+01 2.635050000000000026e+01
2.015029500000000098e+03 6.541680000000000064e+02 9.805999999999999091e+02 3.895815000000000055e+02 3.395600000000000307e+01 3.943800000000000239e+01 2.661899999999999977e+01
2.030470000000000027e+03 6.705914999999999964e+02 9.482640000000000100e+02 4.144294999999999618e+02 3.327400000000000091e+01 3.968800000000000239e+01 2.699799999999999756e+01
2.045478000000000065e+03 6.660159999999999627e+02 9.552699999999999818e+02 4.275320000000000391e+02 3.370600000000000307e+01 3.922650000000000148e+01 2.704149999999999920e+01
2.072898500000000240e+03 6.108129999999999882e+02 1.040569500000000062e+03 4.261539999999999964e+02 3.551850000000000307e+01 3.794849999999999568e+01 2.652199999999999847e+01
