# BSA BSA_A BSA_P BSA_C NIS_A NIS_P NIS_C
1.760588608324527740e+03 6.452186956852674484e+02 8.654685953855514526e+02 2.530142283439636230e+02 3.185378590078328642e+01 4.275168695534230778e+01 2.541125664438565934e+01
1.746268142640590668e+03 6.482757664918899536e+02 8.467724359035491943e+02 2.455284377336502075e+02 3.210415716107775097e+01 4.074093858155554670e+01 2.714705115308669292e+01
1.723336392402648926e+03 6.478369591087102890e+02 8.485212461948394775e+02 2.339617962241172791e+02 3.074574996238904845e+01 4.055456435024990469e+01 2.865227333220412476e+01
1.703417962715029716e+03 6.456106355339288712e+02 8.218845752477645874e+02 2.392281310558319092e+02 3.164004993232154206e+01 4.186961808233596827e+01 2.636978292694906401e+01
1.733170367389917374e+03 6.310286655277013779e+02 8.582629077434539795e+02 2.464713561534881592e+02 3.268654029817885487e+01 4.159477136812002840e+01 2.580780740641731086e+01
1.716154406070709229e+03 6.242404330670833588e+02 8.364066736698150635e+02 2.490156920552253723e+02 3.265903488813044930e+01 4.029085219855166855e+01 2.701669141790337747e+01
1.733042743712663651e+03 6.240979802012443542e+02 8.676095640659332275e+02 2.380556123256683350e+02 3.313336508132483260e+01 4.095164048687978209e+01 2.607020861737842665e+01
1.763436936825513840e+03 7.181063856184482574e+02 7.866270561218261719e+02 2.571748389601707458e+02 3.098468968729697437e+01 4.065077161446530596e+01 2.839878996505502329e+01
1.753269543826580048e+03 7.182576184272766113e+02 7.821947212219238281e+02 2.494362514019012451e+02 3.096807713796300021e+01 4.062491758065792169e+01 2.844039393823720019e+01
1.844399038881063461e+03 6.613650872707366943e+02 8.021386394500732422e+02 3.628542349338531494e+02 3.144488968370182391e+01 3.893028859090328808e+01 2.962476633557067629e+01
1.747509198203682899e+03 6.257216356992721558e+02 7.838416627645492554e+02 3.417249062061309814e+02 3.022444220433229489e+01 4.087300877557924395e+01 2.888795533603976651e+01
1.728038341671228409e+03 6.218906459808349609e+02 7.764287329912185669e+02 3.289966419339179993e+02 3.438682267566995421e+01 3.858534894635094759e+01 2.704639715600929861e+01
1.757470916152000427e+03 6.430650977194309235e+02 8.645907166004180908e+02 2.513032543659210205e+02 3.166961431698942420e+01 4.286342295058554441e+01 2.530382768629791457e+01
1.771632256895303726e+03 6.511571116000413895e+02 8.741537923812866211e+02 2.617641943097114563e+02 3.196723386166814151e+01 4.070419408792304239e+01 2.729631356788146235e+01
1.751719125419855118e+03 6.430128426551818848e+02 8.590854524374008179e+02 2.580348697900772095e+02 3.051202061645926022e+01 4.059225028550181946e+01 2.883038648098889212e+01
1.805159841179847717e+03 6.727726854383945465e+02 8.822093920707702637e+02 2.610728659033775330e+02 3.201362862010221022e+01 4.255776513419073837e+01 2.545764616332596120e+01
1.760990357130765915e+03 6.548020890951156616e+02 8.471604576110839844e+02 2.545785347223281860e+02 3.144835008150828770e+01 4.196894862480694144e+01 2.651910180091929803e+01
1.791233132362365723e+03 6.271048419475555420e+02 8.837027920484542847e+02 2.612270749807357788e+02 3.260020171997518901e+01 4.159517252742080018e+01 2.580086580086580028e+01
1.742970869556069374e+03 6.385466764271259308e+02 8.438836739063262939e+02 2.676303970813751221e+02 3.223877653471026861e+01 4.050194955863430835e+01 2.723769236186920750e+01
1.742139439806342125e+03 6.251344345360994339e+02 8.536826521158218384e+02 2.660488505363464355e+02 3.284819989962755926e+01 4.078559528386517741e+01 2.620990934942290806e+01
1.741025333806872368e+03 7.121572344601154327e+02 7.646811151504516602e+02 2.640751919746398926e+02 3.110925884208155168e+01 4.062422621700589076e+01 2.824298889516280653e+01
1.789637265771627426e+03 7.142529469728469849e+02 7.983269937038421631e+02 2.671237969398498535e+02 3.071273005196274397e+01 4.070846576708586895e+01 2.848458452116988582e+01
1.823714773744344711e+03 6.590855864286422729e+02 7.890423105955123901e+02 3.716154975891113281e+02 3.143479155134917846e+01 3.896137222711254822e+01 2.970605812758865483e+01
1.805683584868907928e+03 6.249981496930122375e+02 8.197212438583374023e+02 3.526109379529953003e+02 3.025211694983951816e+01 4.082262534643486873e+01 2.884955752212389513e+01
1.780082571849226952e+03 6.282073243856430054e+02 8.022999923229217529e+02 3.543836441040039062e+02 3.409379082867484811e+01 3.857794475995486039e+01 2.723818206201510606e+01
1.757036154985427856e+03 6.437165491133928299e+02 8.626925053596496582e+02 2.554936708807945251e+02 3.175085723304370688e+01 4.286331645882206942e+01 2.547250998603578509e+01
1.795241035565733910e+03 6.463138988316059113e+02 8.914973831176757812e+02 2.671148821115493774e+02 3.183386964005088515e+01 4.081576085234892304e+01 2.729248668454651749e+01
1.786172698676586151e+03 6.498247307986021042e+02 8.835759207010269165e+02 2.651856067180633545e+02 3.069908367585504649e+01 4.034632683658171004e+01 2.893819118315406769e+01
1.813942094355821609e+03 6.755098364055156708e+02 8.829825299978256226e+02 2.583552832603454590e+02 3.188657920397128009e+01 4.256147540983606348e+01 2.555932856132451292e+01
1.757913358464837074e+03 6.479482838064432144e+02 8.480620524883270264e+02 2.647524034976959229e+02 3.171882280142453681e+01 4.201672898652333288e+01 2.641998240297193945e+01
1.753334037899971008e+03 6.318203921318054199e+02 8.659575240612030029e+02 2.579555689096450806e+02 3.251706650271211174e+01 4.146838103683268173e+01 2.588136049352047507e+01
1.745080060034990311e+03 6.257532131969928741e+02 8.382969415187835693e+02 2.738696544170379639e+02 3.257419613162121408e+01 4.037875946398312266e+01 2.710029404339367431e+01
1.748479478657245636e+03 6.290344672799110413e+02 8.530240712165832520e+02 2.656332204341888428e+02 3.311917385374258060e+01 4.069531658817372488e+01 2.609998511018463319e+01
1.739383481174707413e+03 7.121583283096551895e+02 7.756114871501922607e+02 2.571050040125846863e+02 3.087281833129685538e+01 4.063173166515367996e+01 2.832420967018257585e+01
1.764065021827816963e+03 7.226335955858230591e+02 7.848213111162185669e+02 2.692403016686439514e+02 3.059434628327266381e+01 4.081722319859402148e+01 2.858401327961701099e+01
1.837762913316488266e+03 6.511048030555248260e+02 7.950508201122283936e+02 3.867018896341323853e+02 3.130429259321992674e+01 3.892496392496391877e+01 2.973328071753268631e+01
1.815886766821146011e+03 6.254058177471160889e+02 8.140279868841171265e+02 3.655052556991577148e+02 3.014594180200264617e+01 4.091317854807063270e+01 2.890772454839505912e+01
1.791733780696988106e+03 6.287001967728137970e+02 7.940596563816070557e+02 3.576454138755798340e+02 3.435926803552753483e+01 3.862389682665263990e+01 2.724957161216621415e+01
1.761352457970380783e+03 6.462915532290935516e+02 8.557053745985031128e+02 2.588882039785385132e+02 3.181622762448213848e+01 4.274616518723074421e+01 2.549956710348831024e+01
1.778619417741894722e+03 6.473076644539833069e+02 8.617371156215667725e+02 2.586835802197456360e+02 3.182216891353655797e+01 4.069907279083699336e+01 2.729638098241740707e+01
1.796720620930194855e+03 6.473127880096435547e+02 8.871646730899810791e+02 2.548580845594406128e+02 3.070900972490256109e+01 4.045897464704340507e+01 2.877665744285660310e+01
1.859713351935148239e+03 6.712837122678756714e+02 8.953814857006072998e+02 2.791812489032745361e+02 3.203092046074657162e+01 4.232420265976227114e+01 2.567391495407871815e+01
1.768883092135190964e+03 6.537095149159431458e+02 8.638847435414791107e+02 2.546669409871101379e+02 3.174800440276002433e+01 4.189536282092302599e+01 2.645660655156278551e+01
1.764243078231811523e+03 6.323933174312114716e+02 8.579650176167488098e+02 2.764385565519332886e+02 3.265745041986778574e+01 4.146551724137930961e+01 2.584222218342745947e+01
1.741322906628251076e+03 6.302056375145912170e+02 8.565362372398376465e+02 2.618017685413360596e+02 3.232253142046955929e+01 4.052438775751415534e+01 2.709044977358435347e+01
1.731715256422758102e+03 6.284068940281867981e+02 8.361174557060003281e+02 2.667485791444778442e+02 3.286206250894899483e+01 4.109049947272553283e+01 2.610914544475021160e+01
1.762176328882575035e+03 7.115536075234413147e+02 7.907920132875442505e+02 2.675421434640884399e+02 3.120419546447550019e+01 4.056621828521434736e+01 2.828545500821117287e+01
1.784038151144981384e+03 7.142803576588630676e+02 7.893887139558792114e+02 2.691273049116134644e+02 3.051216939190716460e+01 4.066992707226475545e+01 2.860873931177995644e+01
1.846507030040025711e+03 6.565411878824234009e+02 7.977066830396652222e+02 3.804242211580276489e+02 3.143432603433556238e+01 3.891304495776300598e+01 2.959271332463762150e+01
1.802864378020167351e+03 6.303869569301605225e+02 8.184480133056640625e+02 3.663733005523681641e+02 3.035396130131702819e+01 4.090902717188084381e+01 2.889076818992557705e+01
1.794942318826913834e+03 6.341411976516246796e+02 7.966149132847785950e+02 3.601599369645118713e+02 3.417834801444455195e+01 3.859794043879097103e+01 2.723818206201510606e+01
1.739256941080093384e+03 6.488150874376296997e+02 8.434260131120681763e+02 2.504439681768417358e+02 3.178459002101141451e+01 4.263500482160077354e+01 2.562866350516952707e+01
1.779402119636535645e+03 6.505096707344055176e+02 8.592242391109466553e+02 2.423366428613662720e+02 3.200691148199504710e+01 4.057098300041830896e+01 2.739014119616117426e+01
1.741926667213439941e+03 6.497593105435371399e+02 8.529153428077697754e+02 2.459541423320770264e+02 3.043817970647238980e+01 4.058379684213487337e+01 2.897683122214064610e+01
1.790268422961235046e+03 6.702314296364784241e+02 8.702037451267242432e+02 2.503103039264678955e+02 3.179882958992040187e+01 4.248809534398969845e+01 2.569359739436465873e+01
1.802018404364585876e+03 6.525925568938255310e+02 8.661853243112564087e+02 2.618748543262481689e+02 3.152462525177961084e+01 4.186146576073593906e+01 2.663208452835605655e+01
1.787469772905111313e+03 6.363972355723381042e+02 8.747569113969802856e+02 2.740312694311141968e+02 3.259553500582858732e+01 4.147291537608362688e+01 2.597407270527398992e+01
1.764158307537436485e+03 6.333845648467540741e+02 8.579814372062683105e+02 2.623063943386077881e+02 3.236314915458937236e+01 4.034408761284593936e+01 2.717814303751803706e+01
1.735066290795803070e+03 6.269681760668754578e+02 8.515272854566574097e+02 2.698231654167175293e+02 3.287845811850420574e+01 4.066780821917807742e+01 2.633833125697926292e+01
1.785605906635522842e+03 7.238401309549808502e+02 7.954152338504791260e+02 2.630401760339736938e+02 3.114419030607611205e+01 4.037473773670092925e+01 2.847858338919970222e+01
1.775000957340002060e+03 7.195633078813552856e+02 7.893002347946166992e+02 2.619787836074829102e+02 3.068568173323848924e+01 4.045986712642848460e+01 2.883779254150794458e+01
1.822912081658840179e+03 6.682921183109283447e+02 7.767178168296813965e+02 3.773136149644851685e+02 3.141098950428592929e+01 3.893495782539377359e+01 2.984214953163346706e+01
1.767848614677786827e+03 6.302073667049407959e+02 8.074998137950897217e+02 3.500354276299476624e+02 3.021705433661090012e+01 4.068183421516754805e+01 2.916111111111111143e+01
1.767225251495838165e+03 6.309082864522933960e+02 7.930114914774894714e+02 3.488457230329513550e+02 3.413802877542966030e+01 3.840289875767528827e+01 2.737240715863293872e+01
1.769491949290037155e+03 6.779312123656272888e+02 8.321768444776535034e+02 2.570577519536018372e+02 3.206063795507451886e+01 4.250055184807789743e+01 2.553840731603257552e+01
1.757564581096172333e+03 6.683470206260681152e+02 8.350320930480957031e+02 2.530114063024520874e+02 3.207623106060606233e+01 4.028684363214389208e+01 2.756213625470729056e+01
1.734883139044046402e+03 6.683955090045928955e+02 8.260899498462677002e+02 2.604384036064147949e+02 3.081268585001450333e+01 4.013840830449827024e+01 2.913584557880795955e+01
1.786907489061355591e+03 6.852225212901830673e+02 8.387614222764968872e+02 2.527991752624511719e+02 3.219172860682294868e+01 4.205568394409596067e+01 2.569204980842911823e+01
1.772312024235725403e+03 6.735441107749938965e+02 8.314676029682159424e+02 2.509617815017700195e+02 3.183569260695829328e+01 4.150621213541605670e+01 2.669819934716630883e+01
1.751674303978681564e+03 6.581818601787090302e+02 8.417321759462356567e+02 2.492145121097564697e+02 3.292998050967680967e+01 4.102227713455070557e+01 2.598622923665014639e+01
1.735413712143898010e+03 6.508639959096908569e+02 8.196447939872741699e+02 2.618551604747772217e+02 3.251826811093819458e+01 3.997399681088771217e+01 2.742217432950191380e+01
1.735869086056947708e+03 6.483365375399589539e+02 8.320613200664520264e+02 2.622807875871658325e+02 3.334762721555173925e+01 4.048949233734840192e+01 2.632696865357956995e+01
1.754467734694480896e+03 7.320326131880283356e+02 7.587312240600585938e+02 2.569135759472846985e+02 3.119321506324865467e+01 4.024318378250961814e+01 2.855308845438450405e+01
1.752514771565794945e+03 7.289218987226486206e+02 7.618343763351440430e+02 2.671463228464126587e+02 3.093585901403236704e+01 4.019303636615683217e+01 2.871376974695092699e+01
1.820899287581443787e+03 6.853386177495121956e+02 7.735455875396728516e+02 3.623402386903762817e+02 3.164773068465223815e+01 3.858809415556645916e+01 2.977324986982581123e+01
1.816529821366071701e+03 6.566372796595096588e+02 7.973447668552398682e+02 3.472909004688262939e+02 3.059088652514870432e+01 4.037785588752197441e+01 2.909009632401119561e+01
1.779963160723447800e+03 6.559052751958370209e+02 7.677809649705886841e+02 3.570800254344940186e+02 3.431330214705529613e+01 3.821924235689238003e+01 2.741919209391360468e+01
1.787032236501574516e+03 6.532227572202682495e+02 8.578411487340927124e+02 2.612321339845657349e+02 3.198274958735603946e+01 4.253664731846075142e+01 2.541863929324660987e+01
1.794667825847864151e+03 6.537811229676008224e+02 8.490371861308813095e+02 2.633424223661422729e+02 3.246527189085935561e+01 4.028620258039669011e+01 2.732382698363802831e+01
1.787256357431411743e+03 6.524441676139831543e+02 8.621142879724502563e+02 2.723376990556716919e+02 3.082935883048556747e+01 4.030477635608048104e+01 2.885031198805049257e+01
1.817929266482591629e+03 6.719344417154788971e+02 8.590828532576560974e+02 2.796769664287567139e+02 3.220930910678691816e+01 4.213015374774064981e+01 2.555932856132451292e+01
1.770001088082790375e+03 6.587810830473899841e+02 8.459480757415294647e+02 2.767430492639541626e+02 3.196404402545203283e+01 4.170628114024340505e+01 2.650192215246219973e+01
1.784908029884099960e+03 6.333167064189910889e+02 8.713506965339183807e+02 2.856675994992256165e+02 3.304803959513505163e+01 4.130528725257253342e+01 2.584415837531792803e+01
1.721699309706687927e+03 6.309128532409667969e+02 8.475083208084106445e+02 2.503357207179069519e+02 3.264781491002570846e+01 4.018159502774628322e+01 2.714716269782135782e+01
1.750268736898899078e+03 6.309800115823745728e+02 8.531406671106815338e+02 2.726941055059432983e+02 3.324796052497354992e+01 4.057532220049144911e+01 2.618027680029236137e+01
1.781346969366073608e+03 7.181262190937995911e+02 7.747843467593193054e+02 2.861906377077102661e+02 3.139286134016860785e+01 4.032185557366850759e+01 2.832899180955569562e+01
1.783467794537544250e+03 7.247687827944755554e+02 7.781851232051849365e+02 2.820875258445739746e+02 3.102096184318631700e+01 4.036698018139065880e+01 2.863309137169797225e+01
1.811969391033053398e+03 6.588873814344406128e+02 7.674801047146320343e+02 3.892767602205276489e+02 3.156741143553374940e+01 3.867718837776856589e+01 2.957127767061633250e+01
1.800506295770406723e+03 6.352650315761566162e+02 8.050819151997566223e+02 3.627577018737792969e+02 3.058354640953759684e+01 4.056438486979472202e+01 2.894046742730953170e+01
1.808237398564815521e+03 6.297674607634544373e+02 7.842372878193855286e+02 3.777657387256622314e+02 3.447109134693936028e+01 3.817418437179028246e+01 2.728458445961423706e+01
1.791167053341865540e+03 6.528425769805908203e+02 8.410020158886909485e+02 2.850036396384239197e+02 3.196546880085033138e+01 4.245289055839923265e+01 2.557144536067444207e+01
1.759639986678957939e+03 6.544993029832839966e+02 8.254242281913757324e+02 2.789820401668548584e+02 3.213200779515397443e+01 4.033022823598739848e+01 2.753122684253592922e+01
1.777811671242117882e+03 6.519089651107788086e+02 8.324815185666084290e+02 2.934967179298400879e+02 3.082608695652173836e+01 4.012105547273018402e+01 2.911983115766434693e+01
1.807711564317345619e+03 6.518808529376983643e+02 8.533286269009113312e+02 2.959594188928604126e+02 3.214109098361386430e+01 4.201738874152667336e+01 2.578423492770795633e+01
1.784185110986232758e+03 6.487338559925556183e+02 8.393271120786666870e+02 3.106297556757926941e+02 3.179090668781390505e+01 4.141503927769539217e+01 2.674668301093095835e+01
1.760434156000614166e+03 6.318538950681686401e+02 8.422995121479034424e+02 2.823110265731811523e+02 3.274528972627088308e+01 4.121971114270747449e+01 2.610169553594316483e+01
1.733451908290386200e+03 6.357947499752044678e+02 8.214753776192665100e+02 2.813235208988189697e+02 3.256212001057362215e+01 4.006013745704467510e+01 2.725709372312983447e+01
1.750350385516881943e+03 6.328574558496475220e+02 8.352498841583728790e+02 2.732924539446830750e+02 3.337573019481453684e+01 4.029913821253430228e+01 2.637659034933034263e+01
1.769465868994593620e+03 7.089558049142360687e+02 7.605349065363407135e+02 2.989436604976654053e+02 3.106578058121198183e+01 4.039051688959760611e+01 2.865820455385357945e+01
1.769319193556904793e+03 7.208372120857238770e+02 7.552659701108932495e+02 2.961901609897613525e+02 3.077927296160115134e+01 4.028744907629771888e+01 2.893138586956521863e+01
1.845636709272861481e+03 6.633825433254241943e+02 7.666608967036008835e+02 4.151763858795166016e+02 3.152386027734433327e+01 3.872230297792095399e+01 2.991230371830079804e+01
1.813996760264039040e+03 6.325706245899200439e+02 7.930562531054019928e+02 3.995597441792488098e+02 3.043079070399007335e+01 4.048787222293020704e+01 2.916301809690601488e+01
1.801421954110264778e+03 6.336665647029876709e+02 7.695891529917716980e+02 4.003436605930328369e+02 3.439345281259711840e+01 3.813348342050373674e+01 2.746180675660094295e+01
1.685558042556047440e+03 7.342932614088058472e+02 6.275181686878204346e+02 3.277205950021743774e+02 3.296124373710581068e+01 4.155563927547794378e+01 2.550358950840491445e+01
1.741142078310251236e+03 8.023870778083801270e+02 5.928766863346099854e+02 3.437858679294586182e+02 3.504495478155403987e+01 4.022200392784033340e+01 2.471034370044480966e+01
1.770832360088825226e+03 8.011267112493515015e+02 6.131269602775573730e+02 3.418674058914184570e+02 3.450325965121402305e+01 4.092667929978929919e+01 2.463820078226857646e+01
1.670103810086846352e+03 7.213385367393493652e+02 6.761221034526824951e+02 2.740800571441650391e+02 3.292755196105588311e+01 4.197850238936337064e+01 2.505449616029137161e+01
1.759897712588310242e+03 7.958826939761638641e+02 6.180814819335937500e+02 3.467953389883041382e+02 3.483481106962390328e+01 4.058220244993582071e+01 2.462724123657436692e+01
1.774698173701763153e+03 8.020717138051986694e+02 6.133429689407348633e+02 3.516151986122131348e+02 3.426357869648643373e+01 4.104006276011541843e+01 2.470085120433871495e+01
1.696214027628302574e+03 7.826850333660840988e+02 5.883501119613647461e+02 3.432047945261001587e+02 3.442202740276509587e+01 4.002590000282167182e+01 2.546094193248729454e+01
1.732965258762240410e+03 6.912152101993560791e+02 6.820339648723602295e+02 3.598934608697891235e+02 3.427050436273519551e+01 3.945262084478596876e+01 2.616938210707567691e+01
1.699068549603223801e+03 7.256643682718276978e+02 6.813330688476562500e+02 2.840527980327606201e+02 3.310374171090728623e+01 4.192567983265657716e+01 2.490339660486998952e+01
1.767578606456518173e+03 8.048061312735080719e+02 6.104101006984710693e+02 3.481081163883209229e+02 3.490074557142484935e+01 4.039529826137317059e+01 2.470991304039499425e+01
1.735096128702163696e+03 7.957692132443189621e+02 6.020799562931060791e+02 3.437970318794250488e+02 3.466273107047351942e+01 4.086487108159201398e+01 2.456366478088273197e+01
1.750425551995635033e+03 7.780825571864843369e+02 6.276471252441406250e+02 3.505108664035797119e+02 3.466272621363697226e+01 4.002560657076482187e+01 2.523526858931058570e+01
1.738860792458057404e+03 6.949320423901081085e+02 6.903803963661193848e+02 3.509785022735595703e+02 3.436046453614096663e+01 3.953451393652179036e+01 2.610369081335168318e+01
1.651470621824264526e+03 7.224921705722808838e+02 6.650038428306579590e+02 2.798274440765380859e+02 3.297184101716250382e+01 4.167029931509441099e+01 2.524901190515489802e+01
1.717784831017255783e+03 7.915641834437847137e+02 6.005522924661636353e+02 3.322112274169921875e+02 3.493354998302371683e+01 4.023239038147630708e+01 2.489272220355667287e+01
1.765132377147674561e+03 8.018310565948486328e+02 6.122390708327293396e+02 3.486945964694023132e+02 3.430284846599951720e+01 4.072806359836073398e+01 2.493573189276826696e+01
1.749385856479406357e+03 7.806017093211412430e+02 6.095613262653350830e+02 3.562620228528976440e+02 3.407560628513630974e+01 4.001739720489720753e+01 2.591789490267469631e+01
1.752936679005622864e+03 7.800162145197391510e+02 6.222282459735870361e+02 3.511286520957946777e+02 3.383117048577616970e+01 4.029943978327766274e+01 2.589102799520360421e+01
1.714652282863855362e+03 7.871322121620178223e+02 6.035961222648620605e+02 3.336173899173736572e+02 3.346163874488963330e+01 4.097296706499562902e+01 2.570937231298366044e+01
1.707008707702159882e+03 7.315958313941955566e+02 6.291839115619659424e+02 3.473473721146583557e+02 3.284908588211937541e+01 4.149489957465087286e+01 2.557934772357531727e+01
1.725092152506113052e+03 7.771750796139240265e+02 6.136183933019638062e+02 3.312988241910934448e+02 3.404335438443669659e+01 4.068045560882752909e+01 2.510691078328064663e+01
1.735853582426905632e+03 7.779460651576519012e+02 6.156283774375915527e+02 3.383596780300140381e+02 3.453687558086380704e+01 3.976878553395866334e+01 2.565090068099381426e+01
1.766464366495609283e+03 7.836722260713577271e+02 6.105192482471466064e+02 3.671512037515640259e+02 3.402061855670103085e+01 4.022200392784033340e+01 2.571062389746913013e+01
1.743503819689154625e+03 7.868883273601531982e+02 6.070655351877212524e+02 3.538412224054336548e+02 3.447696847229557449e+01 3.970089765767450274e+01 2.588284171167428127e+01
1.750238390088081360e+03 7.059474860876798630e+02 6.912347040176391602e+02 3.563817776441574097e+02 3.425321118900470196e+01 3.935787094638556027e+01 2.629126157905302819e+01
1.683418001592159271e+03 7.450967886745929718e+02 6.507780938148498535e+02 2.903142207860946655e+02 3.302958590611937950e+01 4.165949512335053839e+01 2.527049192606129679e+01
1.750220955640077591e+03 8.145207502245903015e+02 5.868810772895812988e+02 3.430627492666244507e+02 3.507243258749282688e+01 4.004384312204054908e+01 2.488315903353768377e+01
1.740412138521671295e+03 8.162144548892974854e+02 5.919235883951187134e+02 3.373235049247741699e+02 3.445647888287045646e+01 4.051613652743883165e+01 2.494624117400692143e+01
1.760801623180508614e+03 7.947154690325260162e+02 5.896782810688018799e+02 3.604827295541763306e+02 3.423844015955531717e+01 3.977806130255915207e+01 2.591368506165352770e+01
1.738354239732027054e+03 7.960284202098846436e+02 5.799936709403991699e+02 3.257991722822189331e+02 3.386676993418566894e+01 4.022494359573011025e+01 2.590828647008422081e+01
1.746113868087530136e+03 7.955791378915309906e+02 5.922156765460968018e+02 3.621514664888381958e+02 3.347602739726027465e+01 4.075191235292400194e+01 2.572748064743138485e+01
1.747247050702571869e+03 8.051944628208875656e+02 6.007533596754074097e+02 3.364363207817077637e+02 3.422846253583036003e+01 4.053824335726402239e+01 2.532242371548047544e+01
1.712836411237716675e+03 7.908488435745239258e+02 5.921423805952072144e+02 3.436208555698394775e+02 3.477698165585024981e+01 3.962357227298096518e+01 2.553192105802584067e+01
1.732986308723688126e+03 8.023457190394401550e+02 5.958488214015960693e+02 3.287070109844207764e+02 3.425645136928206824e+01 3.984775770069035161e+01 2.582576060966560050e+01
1.711845317095518112e+03 7.908953157663345337e+02 6.029439177513122559e+02 3.426833362579345703e+02 3.478641076723803849e+01 3.935262880273621988e+01 2.582727228405157405e+01
1.737327271819114685e+03 7.299578455984592438e+02 6.548545417785644531e+02 3.505750378966331482e+02 3.428351602023609246e+01 3.923622557513770914e+01 2.644941085111382506e+01
1.759948229849338531e+03 8.063709985464811325e+02 5.999739170074462891e+02 3.602760337591171265e+02 3.525400757796560924e+01 4.002583979328165498e+01 2.465100479153257496e+01
1.759183612242341042e+03 7.995113642215728760e+02 5.937611475735902786e+02 3.538698073625564575e+02 3.481999952925669106e+01 4.059829059829059617e+01 2.461815626857873696e+01
1.728780858427286148e+03 7.795307137966156006e+02 5.859450340867042542e+02 3.559542181491851807e+02 3.450043464563253792e+01 3.984601998961768743e+01 2.564753255333236126e+01
1.749092149049043655e+03 6.990896605849266052e+02 6.697996333837509155e+02 3.739804648160934448e+02 3.445116638560989486e+01 3.928115260453095203e+01 2.617346566601873548e+01
1.684157515238970518e+03 7.270477600097656250e+02 6.508592288196086884e+02 3.087488563060760498e+02 3.310315023991893213e+01 4.165235417365627058e+01 2.532353641831933544e+01
1.744875990569591522e+03 7.957825838178396225e+02 5.680547875165939331e+02 3.727419235110282898e+02 3.496171423871987116e+01 4.003421978380649193e+01 2.495719065114192148e+01
1.758839859940111637e+03 8.064235101938247681e+02 5.713872084021568298e+02 3.679627974033355713e+02 3.461704941949886205e+01 4.038460836044149005e+01 2.489373960733976787e+01
1.739627254828810692e+03 7.832158440351486206e+02 6.077739724069833755e+02 3.690947102308273315e+02 3.396540512420340718e+01 4.063431963795158453e+01 2.543098162814703755e+01
1.761694841235876083e+03 7.868429963588714600e+02 6.039975989311933517e+02 3.694130463004112244e+02 3.459754030624175414e+01 3.989792299898682870e+01 2.551641010638888929e+01
1.755901128679513931e+03 7.724288867264986038e+02 5.851105334162712097e+02 3.867555462121963501e+02 3.442832764505119769e+01 3.984575552331216386e+01 2.572525597269624598e+01
1.743791962444782257e+03 7.871567563414573669e+02 5.751948957592248917e+02 3.866952130794525146e+02 3.476022928853117833e+01 3.929185049287264064e+01 2.592593691691921975e+01
1.759024460971355438e+03 6.958882411420345306e+02 6.752610761523246765e+02 3.755100252628326416e+02 3.430622399986257420e+01 3.908096233417224852e+01 2.644932883069397889e+01
1.973738379955291748e+03 4.754759285449981689e+02 1.240678695201873779e+03 2.615257015228271484e+02 3.410915686679045677e+01 4.145101018101176749e+01 2.449151958080529567e+01
1.998224148154258728e+03 4.528333124220371246e+02 1.245357826352119446e+03 2.832194652557373047e+02 3.416909294512878148e+01 3.925526417065259466e+01 2.664123999856481717e+01
2.014922820925712585e+03 4.688424663841724396e+02 1.218013227224349976e+03 3.263953266143798828e+02 3.261605544996122319e+01 3.938756088205707329e+01 2.792183772521106988e+01
2.010343343362212181e+03 4.763099415302276611e+02 1.205237146615982056e+03 3.311410293579101562e+02 3.384670313976226907e+01 4.066364156118601159e+01 2.549008634473936752e+01
2.035024321794509888e+03 4.821718552708625793e+02 1.183086041450500488e+03 3.772588577270507812e+02 3.384485566828234226e+01 4.034055720826533786e+01 2.581191636149262436e+01
2.027688561409711838e+03 4.823097150921821594e+02 1.226436575531959534e+03 3.321045312881469727e+02 3.464001928766359129e+01 3.988946064417763182e+01 2.531970796553440906e+01
1.974368037700653076e+03 4.823018162250518799e+02 1.184750283479690552e+03 3.090235462188720703e+02 3.510558746111509976e+01 3.924556606281569060e+01 2.574428495481127044e+01
2.010317014217376709e+03 4.800094211101531982e+02 1.190071473836898804e+03 3.320893840789794922e+02 3.444160272804774081e+01 3.886301582912835784e+01 2.666099564936209987e+01
2.031757683992385864e+03 5.232053470611572266e+02 1.179177931785583496e+03 3.274671068191528320e+02 3.323307743928969415e+01 3.922995427679268232e+01 2.753432123707692369e+01
2.004658993244171143e+03 5.159933540821075439e+02 1.164817333936691284e+03 3.124677009582519531e+02 3.317661243034017104e+01 3.891485935691642339e+01 2.792865764678328588e+01
2.104497178584337234e+03 4.841752384901046753e+02 1.096519304513931274e+03 5.350750408172607422e+02 3.479740911944301729e+01 3.650121664827547363e+01 2.876258389261744952e+01
2.003841017670929432e+03 4.451339011192321777e+02 1.165953201293945312e+03 4.123277626037597656e+02 3.391117785882857305e+01 3.853017332545063311e+01 2.761098444973339028e+01
1.973292928695678711e+03 4.649672032222151756e+02 1.068721755743026733e+03 4.447018489837646484e+02 3.510412873730631134e+01 3.733104493198996465e+01 2.756264121503186715e+01
1.795071033239364624e+03 4.568484596014022827e+02 1.068684575222432613e+03 2.774960613250732422e+02 3.408792037209197900e+01 4.126582278481012622e+01 2.467307774409768228e+01
1.839944960713386536e+03 4.635201108455657959e+02 1.079437023401260376e+03 2.854010372161865234e+02 3.415990962996541214e+01 3.911010339250368872e+01 2.662123793299261720e+01
1.814666022539138794e+03 4.771520104408264160e+02 1.004893938183784485e+03 3.430190477371215820e+02 3.249659107687230630e+01 3.923404255319148604e+01 2.826182301104916661e+01
1.814725704550743103e+03 4.658081755638122559e+02 1.005528932332992554e+03 3.520611858367919922e+02 3.404804636930681738e+01 4.042464567781023277e+01 2.554997208263539932e+01
1.831184962153434753e+03 4.702598030567169189e+02 9.712316732406616211e+02 3.828790330886840820e+02 3.376068376068376153e+01 3.995729200310762508e+01 2.630263497804185135e+01
1.824191173076629639e+03 4.708896715641021729e+02 1.002010400295257568e+03 3.480857028961181641e+02 3.475321757098294739e+01 3.953984526926836196e+01 2.550020008003201255e+01
1.851158280849456787e+03 4.644887242317199707e+02 1.018920953154563904e+03 3.701985244750976562e+02 3.488378745619680643e+01 3.910667860034948262e+01 2.579550740102328277e+01
1.824125444903969765e+03 4.744988372325897217e+02 1.027609264016151428e+03 3.430775775909423828e+02 3.439380911435941357e+01 3.869728106663728795e+01 2.687394070256088696e+01
1.799599088907241821e+03 5.318769471645355225e+02 9.607385516166687012e+02 2.985927104949951172e+02 3.343328247685736443e+01 3.888172762293492468e+01 2.764217966089280765e+01
1.804441133499145508e+03 5.325066037178039551e+02 9.580985600948333740e+02 3.073507308959960938e+02 3.303350283626750894e+01 3.893380614657210259e+01 2.809705836724810979e+01
1.906060945436358452e+03 4.735166027545928955e+02 9.259481132924556732e+02 5.087982940673828125e+02 3.433083428016593786e+01 3.665257539226819006e+01 2.887388017164427723e+01
1.836573945045471191e+03 4.342233697175979614e+02 1.017980006814002991e+03 4.061576900482177734e+02 3.394218490694882462e+01 3.829878074988896230e+01 2.784382312098656342e+01
1.810332633256912231e+03 4.569089574813842773e+02 9.153993000984191895e+02 4.562370548248291016e+02 3.516768202519666886e+01 3.696135153056391687e+01 2.782761907260215395e+01
1.830042978405952454e+03 4.769332511425018311e+02 1.072426321268081665e+03 2.712977142333984375e+02 3.423728813559321793e+01 4.081892108823558374e+01 2.476852640545144624e+01
1.793479631900787354e+03 4.494512243270874023e+02 1.058159994363784790e+03 3.012467765808105469e+02 3.449739964245084423e+01 3.877291260852576471e+01 2.680467303176800442e+01
1.792868451118469238e+03 4.696675604581832886e+02 9.997020795345306396e+02 3.220873813629150391e+02 3.265908025401696335e+01 3.903543357251814427e+01 2.823526171693768561e+01
1.813738613367080688e+03 4.763054132461547852e+02 1.004063153028488159e+03 3.361863584518432617e+02 3.437118108495012336e+01 4.012876496853324682e+01 2.544578113212995163e+01
1.801442550420761108e+03 4.771247664690017700e+02 9.725341200828552246e+02 3.521508350372314453e+02 3.392173852814832458e+01 3.986302352266207549e+01 2.619349854926777965e+01
1.845736007452011108e+03 4.769622128456830978e+02 1.034064294815063477e+03 3.356758422851562500e+02 3.485453433513890786e+01 3.949517054692786644e+01 2.555366269165246962e+01
1.816321855187416077e+03 4.631579508781433105e+02 9.883804439306259155e+02 3.465937385559082031e+02 3.532625036875666780e+01 3.882105951398285271e+01 2.584988729219498538e+01
1.832190069437026978e+03 4.789715337753295898e+02 1.021934540033340454e+03 3.459035358428955078e+02 3.457944734790517316e+01 3.847475548506476173e+01 2.689027678221456341e+01
1.828280843734741211e+03 5.451110267639160156e+02 9.852681562900543213e+02 3.019586296081542969e+02 3.375845642572662086e+01 3.861074958858138473e+01 2.768118504971733884e+01
1.787264719694852829e+03 5.321719096899032593e+02 9.654749951362609863e+02 2.950963459014892578e+02 3.317773764882752374e+01 3.881029353387599201e+01 2.805969693266528253e+01
1.871388941407203674e+03 4.680188086032867432e+02 9.163180613517761230e+02 4.941559906005859375e+02 3.468357891993171904e+01 3.629910103576314384e+01 2.911049752143712510e+01
1.797392777681350708e+03 4.246092743873596191e+02 9.938173246383666992e+02 3.904797954559326172e+02 3.417920490172218706e+01 3.805471089208113256e+01 2.783853945618651693e+01
1.828620983451604843e+03 4.651109788417816162e+02 9.042222182750701904e+02 4.537985591888427734e+02 3.537932663480930984e+01 3.676609380353163203e+01 2.784706236942961155e+01
2.033120813548564911e+03 5.775880714654922485e+02 1.127392254590988159e+03 2.978080396652221680e+02 3.413805079601083037e+01 4.123363642594411971e+01 2.455880859991878395e+01
2.030789503321051598e+03 5.503529145717620850e+02 1.155856688737869263e+03 3.238657436370849609e+02 3.428323816554129877e+01 3.908782750072133894e+01 2.667823388595687106e+01
2.012380269289016724e+03 5.653100240230560303e+02 1.086120262145996094e+03 3.680166435241699219e+02 3.249786332189921723e+01 3.951702486455455698e+01 2.797441873321520234e+01
2.042391813874244690e+03 5.867109645903110504e+02 1.101963220596313477e+03 3.703508095741271973e+02 3.408228676085818876e+01 4.050363958292346922e+01 2.531812217272695875e+01
2.030972675085067749e+03 5.812729306817054749e+02 1.058772663354873657e+03 3.903327465057373047e+02 3.393750262159397124e+01 4.012802327695944626e+01 2.597457907089649609e+01
2.004360211610794067e+03 5.704687142372131348e+02 1.080296463727951050e+03 3.635770816802978516e+02 3.476211123522840296e+01 3.988019557753377597e+01 2.541713666261371429e+01
2.016096594572067261e+03 5.756841482520103455e+02 1.085545686721801758e+03 3.727261466979980469e+02 3.519999517759225682e+01 3.923302755682342990e+01 2.561502889175376296e+01
2.045777202367782593e+03 5.814969943761825562e+02 1.097270129203796387e+03 3.720722522735595703e+02 3.451779701779702236e+01 3.886524059953611498e+01 2.664413932447833133e+01
2.014302996873855591e+03 6.360954155921936035e+02 1.036918214321136475e+03 3.316307067871093750e+02 3.329094830988523057e+01 3.913411003712006675e+01 2.753931649125240710e+01
2.015969390749931335e+03 6.294544924497604370e+02 1.058637835264205933e+03 3.346450023651123047e+02 3.300476953377624056e+01 3.905981188932517512e+01 2.798970398024574990e+01
2.112008589625358582e+03 5.748720443248748779e+02 9.864475860595703125e+02 5.459693498611450195e+02 3.447986577181207934e+01 3.672956620555027030e+01 2.877398521931728226e+01
2.022307272434234619e+03 5.434254007339477539e+02 1.082288330078125000e+03 4.116078872680664062e+02 3.399077392524471009e+01 3.834166602896037546e+01 2.754366976839944314e+01
2.007495460510253906e+03 5.524861943721771240e+02 9.764612808227539062e+02 4.852760181427001953e+02 3.516636141636141843e+01 3.719469257721772237e+01 2.758171492977284345e+01
2.083732187151908875e+03 5.959847447872161865e+02 1.123280605316162109e+03 3.585440216064453125e+02 3.464765100671141340e+01 4.060402684563758413e+01 2.466273091273091467e+01
2.091965597629547119e+03 5.790586788654327393e+02 1.149249117612838745e+03 3.654274291992187500e+02 3.474365164997563937e+01 3.864504135532172313e+01 2.671543316121629630e+01
2.071494713783264160e+03 5.949379584789276123e+02 1.065060764312744141e+03 4.113374538421630859e+02 3.310465556744669868e+01 3.887487521643251398e+01 2.809833494765001660e+01
2.103620983958244324e+03 6.086286232471466064e+02 1.078105956792831421e+03 4.147027912139892578e+02 3.461035458689524802e+01 3.997501896840508095e+01 2.540494929548597725e+01
2.089767905905842781e+03 6.001178559064865112e+02 1.026079956054687500e+03 4.428885478973388672e+02 3.441076512674433729e+01 3.949726228341538814e+01 2.607020861737842665e+01
2.102236537337303162e+03 5.864288189411163330e+02 1.068248667120933533e+03 4.299447441101074219e+02 3.534371480550983335e+01 3.924642211833538852e+01 2.543523134444617284e+01
2.105070418804883957e+03 5.957057330608367920e+02 1.062984564781188965e+03 4.399533786773681641e+02 3.574395993449743258e+01 3.836034556618592006e+01 2.578723404255319096e+01
2.098517170369625092e+03 5.964652311801910400e+02 1.069279498338699341e+03 4.491666455268859863e+02 3.507501834189288559e+01 3.823151371827717071e+01 2.680631717481903920e+01
2.076018754482269287e+03 6.633948090076446533e+02 1.021243471860885620e+03 3.928813076019287109e+02 3.400349496829940676e+01 3.822147233880755834e+01 2.769896769896769939e+01
2.103625151157379150e+03 6.674209792613983154e+02 1.018102956056594849e+03 4.218776149749755859e+02 3.331902718168812783e+01 3.865128381510669442e+01 2.796025085067363136e+01
2.191363599210977554e+03 6.016787239015102386e+02 9.919466080665588379e+02 6.115059013366699219e+02 3.518555260465234369e+01 3.599146302608664882e+01 2.887294480224201010e+01
2.045649666786193848e+03 5.659626851081848145e+02 1.010466792821884155e+03 4.761422386169433594e+02 3.476984207017484607e+01 3.756840988868923148e+01 2.772039330178865058e+01
2.046152219057083130e+03 5.844021620750427246e+02 9.498641464710235596e+02 5.115886745452880859e+02 3.572651146073719985e+01 3.643722081107120658e+01 2.776590480111060799e+01
2.090033786416053772e+03 5.712236230373382568e+02 1.134335826873779297e+03 3.668025779724121094e+02 3.462169989809170545e+01 4.083994183529557631e+01 2.457477293384440742e+01
2.089959607601165771e+03 5.737201213836669922e+02 1.134848501443862915e+03 3.818829364776611328e+02 3.490645167121603976e+01 3.871106302052593406e+01 2.645683166883774717e+01
2.060931148767471313e+03 5.942922394275665283e+02 1.065686743140220642e+03 4.066178483963012695e+02 3.313537648548431491e+01 3.882302331583927923e+01 2.805081331321446214e+01
2.083556526303291321e+03 5.991340603232383728e+02 1.051688131332397461e+03 4.357726325988769531e+02 3.471812104657848863e+01 4.004255319148936110e+01 2.527472527472527375e+01
2.051837886810302734e+03 5.911350283622741699e+02 1.017424433946609497e+03 4.541520462036132812e+02 3.439633797582126817e+01 3.953983600271876497e+01 2.606645198445143308e+01
2.076423877716064453e+03 5.969349884986877441e+02 1.053395841598510742e+03 4.166662502288818359e+02 3.513028046774408608e+01 3.942631074309406358e+01 2.538662647365359959e+01
2.080855221033096313e+03 5.964526723623275757e+02 1.053872264146804810e+03 4.184965200424194336e+02 3.580771173837867138e+01 3.867334790720988735e+01 2.554530354855510410e+01
2.084278824925422668e+03 5.895496323108673096e+02 1.065102510929107666e+03 4.365216083526611328e+02 3.503806757485789092e+01 3.832127675173840231e+01 2.660164192688082707e+01
2.075438846826553345e+03 6.578700172901153564e+02 1.022920559883117676e+03 3.934099941253662109e+02 3.384704684616060888e+01 3.857993794637630458e+01 2.760573704328007238e+01
2.085614699959754944e+03 6.441541711091995239e+02 1.011080868899822235e+03 4.175666046142578125e+02 3.357573083303513783e+01 3.841564417511759189e+01 2.806341945171582353e+01
2.213028625339269638e+03 6.161482098698616028e+02 9.714270205497741699e+02 6.191163978576660156e+02 3.505246636203688837e+01 3.614946095054202146e+01 2.867956265769554136e+01
2.080716960236430168e+03 5.601327197551727295e+02 1.033323940157890320e+03 4.916080760955810547e+02 3.460723728908910601e+01 3.767373320206114329e+01 2.769026183618231585e+01
2.097058446213603020e+03 5.815409141480922699e+02 9.727311819195747375e+02 5.350234680175781250e+02 3.567810250380838966e+01 3.662814032075911541e+01 2.763217962866931998e+01
2.033407054722309113e+03 5.523819548040628433e+02 1.056549759387969971e+03 4.147891473770141602e+02 3.459540712836859200e+01 4.007803489042675693e+01 2.519364316239316182e+01
1.823015049457550049e+03 5.568515302836894989e+02 8.693539125919342041e+02 4.088644161224365234e+02 3.421960683352028809e+01 3.993935281585883956e+01 2.575159531726345108e+01
1.798972449705004692e+03 6.044815684556961060e+02 8.516640851497650146e+02 3.616284770965576172e+02 3.349648329425882309e+01 4.007943512797881880e+01 2.648116810907508523e+01
1.829903565764427185e+03 5.637757040262222290e+02 8.973562717288732529e+02 3.802151203155517578e+02 3.466887063460031726e+01 3.963475073358093681e+01 2.568972898407677619e+01
2.054190766930580139e+03 6.773476010560989380e+02 9.608674626350402832e+02 4.203514232635498047e+02 3.450946643717728080e+01 3.995660126754921038e+01 2.548147468818782357e+01
1.987540442943572998e+03 7.150462493896484375e+02 9.228707118034362793e+02 3.773820114135742188e+02 3.373123862043517818e+01 4.013433846952160167e+01 2.617152961980548298e+01
1.994100548505783081e+03 6.415952229499816895e+02 9.808346211910247803e+02 3.691843166351318359e+02 3.353818294797956412e+01 4.031991418475517719e+01 2.624409751738944152e+01
2.003322950899600983e+03 6.476979925632476807e+02 9.783970437049865723e+02 3.766315021514892578e+02 3.277458316534377047e+01 4.009746276438698942e+01 2.718833575550147685e+01
1.997895810127258301e+03 6.520427680015563965e+02 1.005981769084930420e+03 3.294516677856445312e+02 3.258285209900301282e+01 4.031818128515531896e+01 2.710737132172030428e+01
1.971511452198028564e+03 6.452781918048858643e+02 1.001369472026824951e+03 3.415230693817138672e+02 3.213336346625533935e+01 4.106989434348724899e+01 2.684766955738401606e+01
1.969172781944274902e+03 6.474640762805938721e+02 9.949283576011657715e+02 3.363125896453857422e+02 3.196974250284701924e+01 4.123893805309734262e+01 2.685507817529840224e+01
1.964711287975311279e+03 6.362197241783142090e+02 1.003156659126281738e+03 3.341854476928710938e+02 3.281538994232045070e+01 4.070466443515684318e+01 2.636990704584849254e+01
1.967199161291122437e+03 6.367871661186218262e+02 9.960822963714599609e+02 3.293741922378540039e+02 3.339238263950398533e+01 3.977875305721126153e+01 2.675806007380120377e+01
1.973524852648377419e+03 6.354344732761383057e+02 9.722598381042480469e+02 3.578503437042236328e+02 3.292078357247186204e+01 4.017699115044247549e+01 2.694880952380952266e+01
1.974557375431060791e+03 6.493277633190155029e+02 9.663549921512603760e+02 3.638860435485839844e+02 3.345164236450099082e+01 3.961838251503795050e+01 2.696929773135633823e+01
2.028212966322898865e+03 5.959470860958099365e+02 1.048206766605377197e+03 3.747243080139160156e+02 3.530642189585145729e+01 3.830774703951720994e+01 2.649572649572649752e+01
2.133459885358810425e+03 6.971440098285675049e+02 9.554951961040496826e+02 4.935215759277343750e+02 3.531681107152805055e+01 3.918134522482348814e+01 2.546231546231546261e+01
2.064937029600143433e+03 7.345400907993316650e+02 8.918324742317199707e+02 4.311317005157470703e+02 3.440952595569410732e+01 3.938857959497765648e+01 2.618518896592880907e+01
2.034607775449752808e+03 6.595516937375068665e+02 9.456655695438385010e+02 4.381860733032226562e+02 3.405864314378738555e+01 3.962262988463255908e+01 2.633451957295373802e+01
2.042386975288391113e+03 6.564688673168420792e+02 9.472496058940887451e+02 4.428107776641845703e+02 3.336271490372064363e+01 3.937646431360597177e+01 2.718874261399531633e+01
2.029828497171401978e+03 6.675211591720581055e+02 9.712278417348861694e+02 3.800155429840087891e+02 3.314227774928907877e+01 3.952251365547778761e+01 2.732504864118496357e+01
2.090999576091766357e+03 6.728080368041992188e+02 9.965027451515197754e+02 3.953474578857421875e+02 3.269977004886461458e+01 4.044222399572687721e+01 2.679595100051746925e+01
2.054744056463241577e+03 6.645994374752044678e+02 9.876965882182121277e+02 4.017105188369750977e+02 3.244443812341184241e+01 4.060283687943262265e+01 2.696231128899293239e+01
2.052381497859954834e+03 6.542688167095184326e+02 9.937600367069244385e+02 4.092293958663940430e+02 3.339276429085947484e+01 4.012488054178771790e+01 2.654150614302416855e+01
2.040460038304328918e+03 6.543636519908905029e+02 9.809743165969848633e+02 3.923324718475341797e+02 3.383583324680391513e+01 3.931283543001151770e+01 2.679998166912131907e+01
1.996625472784042358e+03 6.646434378623962402e+02 9.550123336315155029e+02 4.018132705688476562e+02 3.355391193697487040e+01 3.957038372908526469e+01 2.692462846161350853e+01
2.007031619548797607e+03 6.543573884963989258e+02 9.544464440345764160e+02 4.026183071136474609e+02 3.380530973451327270e+01 3.904590220224438468e+01 2.713525835866261460e+01
2.105923102259635925e+03 6.172123222351074219e+02 1.048530961155891418e+03 4.411440153121948242e+02 3.580247316317831263e+01 3.777011231496497601e+01 2.643090211472441808e+01
2.118930967807769775e+03 6.822931401729583740e+02 9.404628701210021973e+02 4.804382743835449219e+02 3.527358587414023816e+01 3.943413032390633077e+01 2.540292814960629642e+01
2.075246166348457336e+03 7.297195163071155548e+02 9.119319379329681396e+02 4.428205699920654297e+02 3.414736395423035020e+01 3.951931075460487364e+01 2.627833135626730154e+01
2.045012668430805206e+03 6.631629799008369446e+02 9.503345351219177246e+02 4.329017734527587891e+02 3.409317159501511441e+01 3.977215691150128407e+01 2.617477004550483599e+01
2.027390969395637512e+03 6.585426340103149414e+02 9.556326458454132080e+02 4.164888019561767578e+02 3.325966436919388514e+01 3.957959810324315697e+01 2.712776659959758518e+01
2.054573575377464294e+03 6.650504567623138428e+02 9.821549131870269775e+02 4.026279420852661133e+02 3.312610424028268596e+01 3.976970770593445792e+01 2.711571804141683373e+01
2.077012802988290787e+03 6.543564230203628540e+02 1.010171911716461182e+03 4.192305517196655273e+02 3.258926436026544593e+01 4.058086913396565620e+01 2.685512367491166330e+01
2.046606546878814697e+03 6.533422342538833618e+02 9.794192967414855957e+02 4.097429141998291016e+02 3.236701388888889142e+01 4.083816733929315035e+01 2.681408666015086695e+01
2.018773250818252563e+03 6.541136991977691650e+02 9.843081606626510620e+02 3.720726871490478516e+02 3.327472517281034925e+01 4.024776995305164462e+01 2.642419368342784836e+01
2.046696000576019287e+03 6.599407704323530197e+02 9.869594621658325195e+02 3.933925781250000000e+02 3.396638697432823761e+01 3.936311055191451658e+01 2.669021620270565975e+01
2.026972231388092041e+03 6.529350280761718750e+02 9.657971954941749573e+02 4.249596748352050781e+02 3.356995251841685501e+01 3.952971668997140853e+01 2.691456924053708732e+01
2.026847674965858459e+03 6.683517297506332397e+02 9.376538848280906677e+02 4.058462181091308594e+02 3.382544187268172919e+01 3.909943073400330604e+01 2.712693431618579609e+01
2.086117246150970459e+03 6.083948426246643066e+02 1.038476856589317322e+03 4.499165401458740234e+02 3.561064902768003293e+01 3.799140150123007942e+01 2.646438298362038921e+01
