#Name                                                RecN   LigN     Temperature         dG         dH         dS        TdS Template
1BRS_A_D                                                1      1             298    -19.088    -19.300     -1.010     -0.301 1BRS.pdb
1BRS_A_D__KA25A                                         1      1             298    -13.710    -13.100      1.680      0.501 1BRS.pdb
1BRS_A_D__RA57A                                         1      1             298    -13.845    -11.900      6.370      1.898 1BRS.pdb
1BRS_A_D__RA85A                                         1      1             298    -13.526    -17.300    -12.700     -3.785 1BRS.pdb
1BRS_A_D__HA100A                                        1      1             298    -12.945    -10.900      6.710      2.000 1BRS.pdb
1BRS_A_D__YD29F                                         1      1             298    -19.220    -18.800      1.010      0.301 1BRS.pdb
1BRS_A_D__YD29A                                         1      1             298    -15.619    -14.200      4.700      1.401 1BRS.pdb
1BRS_A_D__DD35A                                         1      1             298    -14.587    -14.400      0.340      0.101 1BRS.pdb
1BRS_A_D__DD39A                                         1      1             298    -11.441     -7.400     13.100      3.904 1BRS.pdb
1BRS_A_D__ED74A                                         1      1             298    -17.724    -17.800     -0.340     -0.101 1BRS.pdb
1BRS_A_D__KA25A_DD39A                                   1      1             298    -10.814    -10.600      0.670      0.200 1BRS.pdb
1BRS_A_D__RA85A_DD39A                                   1      1             298    -11.907    -13.400     -5.030     -1.499 1BRS.pdb
1BRS_A_D__HA100A_YD29A                                  1      1             298    -12.784    -13.300     -2.010     -0.599 1BRS.pdb
1BRS_A_D__HA100A_YD29F                                  1      1             298    -13.541    -12.000      5.030      1.499 1BRS.pdb
1BRS_A_D__HA100A_DD39A                                  1      1             298    -10.101     -2.400     25.800      7.688 1BRS.pdb
1BRS_A_D__RA57A_DD39A                                   1      1             298     -7.733     -1.700     20.100      5.990 1BRS.pdb
1BRS_A_D__EA71Q                                         1      1             298    -17.637    -10.000     25.500      7.599 1BRS.pdb
1BRS_A_D__EA71Q_DD39A                                   1      1             298    -11.885     -6.300     18.400      5.483 1BRS.pdb
1BRS_A_D__EA71Q_ED74A                                   1      1             298    -15.563     -8.100     24.800      7.390 1BRS.pdb
1BRS_A_D__EA71W                                         1      1             298    -17.432     -8.500     29.900      8.910 1BRS.pdb
1BRS_A_D__EA71W_DD39A                                   1      1             298    -12.426     -7.900     15.100      4.500 1BRS.pdb
1BRS_A_D__EA71W_DD35A                                   1      1             298    -13.379     -4.700     28.800      8.582 1BRS.pdb
1BRS_A_D__EA71W_ED74A                                   1      1             298    -15.540     -6.500     30.200      9.000 1BRS.pdb
1BRS_A_D__EA71Y                                         1      1             298    -16.675    -10.700     19.800      5.900 1BRS.pdb
1BRS_A_D__EA71F                                         1      1             298    -16.854     -9.000     26.200      7.808 1BRS.pdb
1BRS_A_D__EA71F_DD39A                                   1      1             298    -11.620     -9.000      8.720      2.599 1BRS.pdb
1BRS_A_D__EA71F_DD35A                                   1      1             298    -12.681     -3.700     29.900      8.910 1BRS.pdb
1BRS_A_D__EA71C                                         1      1             298    -16.561     -8.900     25.500      7.599 1BRS.pdb
1BRS_A_D__EA71S                                         1      1             298    -16.079     -7.700     27.800      8.284 1BRS.pdb
1BRS_A_D__EA71A                                         1      1             298    -16.741     -7.300     31.500      9.387 1BRS.pdb
1BRS_A_D__EA71A_DD39A                                   1      1             298    -11.907    -11.900      0.000      0.000 1BRS.pdb
1BRS_A_D__EA71A_DD35A                                   1      1             298    -12.651     -3.000     32.200      9.596 1BRS.pdb
2HLE_A_B                                                1      1             298    -10.087      3.300     44.900     13.380 2HLE.pdb
2HLE_A_B__KA141Q                                        1      1             298    -10.497      3.700     48.300     14.393 2HLE.pdb
2HLE_A_B__LA87R                                         1      1             298     -7.800      5.200     43.600     12.993 2HLE.pdb
2GOX_A_B                                                1      1             298    -11.860     -8.500     11.400      3.397 2GOX.pdb
2GOX_A_B__RB31A                                         1      1             298    -10.342     -3.900     21.500      6.407 2GOX.pdb
2GOX_A_B__NB38A                                         1      1             298    -10.527     -5.500     16.800      5.006 2GOX.pdb
3D5S_A_C                                                1      1             298    -10.342     -3.900     21.500      6.407 3D5S.pdb
3D5S_A_C__AC31R                                         1      1             298    -11.860     -8.500     11.400      3.397 3D5S.pdb
3D5R_A_C                                                1      1             298    -10.527     -5.500     16.800      5.006 3D5R.pdb
3D5R_A_C__AC38N                                         1      1             298    -11.860     -8.500     11.400      3.397 3D5R.pdb
2NOJ_A_B                                                1      1             298    -10.752     -9.460      4.300      1.281 2NOJ.pdb
2NOJ_A_B__RB24A_NB31A                                   1      1             298    -10.004     -2.140     26.400      7.867 2NOJ.pdb
1KIQ_AB_C                                               2      1             298     -9.001    -14.000    -17.300     -5.155 1KIQ.pdb
1KIQ_AB_C__FB101Y                                       2      1             298    -11.496    -21.500    -33.700    -10.043 1KIQ.pdb
1KIP_AB_C                                               2      1             298    -10.696    -17.200    -22.200     -6.616 1KIP.pdb
1KIP_AB_C__AB32Y                                        2      1             298    -11.496    -21.500    -33.700    -10.043 1KIP.pdb
1KIR_AB_C                                               2      1             298    -10.109    -19.400    -31.500     -9.387 1KIR.pdb
1KIR_AB_C__SA50Y                                        2      1             298    -11.496    -21.500    -33.700    -10.043 1KIR.pdb
2PCC_A_B                                                1      1             298     -8.098     -2.600     18.400      5.483 2PCC.pdb
2PCC_A_B__DA34A                                         1      1             298     -8.994     -0.900     27.200      8.106 2PCC.pdb
2PCC_A_B__VA197A                                        1      1             298     -5.996     -2.300     12.400      3.695 2PCC.pdb
2PCC_A_B__EA290A                                        1      1             298     -1.899     -5.800    -13.100     -3.904 2PCC.pdb
2PCC_A_B__KB92A                                         1      1             298     -7.196     -0.800     21.500      6.407 2PCC.pdb
2PCC_A_B__KB92A_DA34A                                   1      1             298     -7.895     -0.700     24.100      7.182 2PCC.pdb
2PCC_A_B__KB92A_VA197A                                  1      1             298     -6.597     -0.900     19.100      5.692 2PCC.pdb
2PCC_A_B__KB77A                                         1      1             298     -7.794     -1.100     22.500      6.705 2PCC.pdb
2PCC_A_B__KB77A_VA197A                                  1      1             298     -5.298     -0.500     16.100      4.798 2PCC.pdb
2PCC_A_B__KB77A_EA290A                                  1      1             298     -6.996     -1.200     19.500      5.811 2PCC.pdb
2PCC_A_B__AB86G                                         1      1             298     -6.197     -2.400     12.700      3.785 2PCC.pdb
2PCC_A_B__AB86G_DA34A                                   1      1             298     -8.196     -0.800     24.800      7.390 2PCC.pdb
2PCC_A_B__AB86G_VA197A                                  1      1             298     -5.996     -2.200     12.700      3.785 2PCC.pdb
2PCB_A_B                                                1      1             298     -6.817      2.250     30.800      9.178 2PCB.pdb
2PCB_A_B__EA291Q                                        1      1             298     -6.874      2.130     30.100      8.970 2PCB.pdb
2PCB_A_B__EA35Q                                         1      1             298     -6.141      1.050     24.400      7.271 2PCB.pdb
2PCB_A_B__AA193F                                        1      1             298     -6.084      1.910     26.800      7.986 2PCB.pdb
2PCB_A_B__DA34N                                         1      1             298     -5.996      2.510     28.400      8.463 2PCB.pdb
2PCB_A_B__EA290N                                        1      1             298     -5.947      2.060     27.000      8.046 2PCB.pdb
2C0L_A_B                                                1      1             305     -9.716    -10.100     -0.960     -0.293 2C0L.pdb
2C0L_A_B__NA48A                                         1      1             305     -9.012     -6.520      8.380      2.556 2C0L.pdb
2C0L_A_B__QA239R                                        1      1             305     -8.195     -4.160     13.400      4.087 2C0L.pdb
2C0L_A_B__SA242Y                                        1      1             305     -9.436     -9.250      0.930      0.284 2C0L.pdb
2A9K_A_B                                                1      1             310    -10.243    -20.000    -31.400     -9.734 2A9K.pdb
2A9K_A_B__GB55D                                         1      1             310     -7.833    -25.000    -55.300    -17.143 2A9K.pdb
1CBW_FGH_I                                              3      1             295    -10.592      2.500     44.700     13.187 1CBW.pdb
1CBW_FGH_I__TI11A                                       3      1             295    -10.394      2.800     45.100     13.305 1CBW.pdb
1CBW_FGH_I__GI12A                                       3      1             295     -9.997     -0.600     32.200      9.499 1CBW.pdb
1CBW_FGH_I__PI13A                                       3      1             295    -10.691      2.600     45.400     13.393 1CBW.pdb
1CBW_FGH_I__KI15A                                       3      1             295     -8.611      3.400     41.000     12.095 1CBW.pdb
1CBW_FGH_I__II19A                                       3      1             295    -10.493      2.500     44.400     13.098 1CBW.pdb
1CBW_FGH_I__RI20A                                       3      1             295    -10.294      2.500     43.700     12.892 1CBW.pdb
1CBW_FGH_I__VI34A                                       3      1             295    -10.592     -2.700     27.100      7.995 1CBW.pdb
1CBW_FGH_I__YI35A                                       3      1             295     -9.799      1.800     39.600     11.682 1CBW.pdb
1CBW_FGH_I__GI36A                                       3      1             295     -9.700      3.000     43.400     12.803 1CBW.pdb
1CBW_FGH_I__GI37A                                       3      1             295     -9.799      3.600     45.700     13.482 1CBW.pdb
1CBW_FGH_I__RI39A                                       3      1             295    -10.394      3.100     46.100     13.600 1CBW.pdb
1CBW_FGH_I__KI46A                                       3      1             295    -10.493      2.300     43.700     12.892 1CBW.pdb
3HFM_HL_Y                                               2      1             303    -11.955    -21.900    -32.600     -9.878 3HFM.pdb
3HFM_HL_Y__YH53W                                        2      1             303    -11.249    -23.600    -40.800    -12.362 3HFM.pdb
3HFM_HL_Y__YH53F                                        2      1             303    -11.334    -20.200    -29.300     -8.878 3HFM.pdb
3HFM_HL_Y__YH53L                                        2      1             303    -11.148    -19.600    -27.900     -8.454 3HFM.pdb
3HFM_HL_Y__YH53A                                        2      1             303     -8.705    -14.400    -18.800     -5.696 3HFM.pdb
3HFM_HL_Y__YH33W                                        2      1             303    -10.205    -15.700    -18.100     -5.484 3HFM.pdb
3HFM_HL_Y__YH33F                                        2      1             303    -10.884    -17.500    -21.800     -6.605 3HFM.pdb
3HFM_HL_Y__YH33L                                        2      1             303     -9.948    -16.100    -20.400     -6.181 3HFM.pdb
3HFM_HL_Y__YH50F                                        2      1             303    -10.345    -14.300    -13.200     -4.000 3HFM.pdb
3HFM_HL_Y__YH50L                                        2      1             303     -9.106    -12.900    -12.500     -3.788 3HFM.pdb
3HFM_HL_Y__YH58F                                        2      1             303    -11.592    -20.400    -29.000     -8.787 3HFM.pdb
3HFM_HL_Y__YH58L                                        2      1             303    -10.441    -14.900    -14.800     -4.484 3HFM.pdb
3HFM_HL_Y__YH58A                                        2      1             303    -10.279    -17.300    -23.000     -6.969 3HFM.pdb
1OGA_ABC_DE__IE49V                                      3      2             298     -6.999    -22.000    -50.300    -14.989 1OGA.pdb
1OGA_ABC_DE__NE51A                                      3      2             298     -6.099    -18.000    -40.200    -11.980 1OGA.pdb
1OGA_ABC_DE__DE52A                                      3      2             298     -7.099    -24.000    -57.000    -16.986 1OGA.pdb
1OGA_ABC_DE__QE54E                                      3      2             298     -7.200    -20.000    -43.600    -12.993 1OGA.pdb
1OGA_ABC_DE__YE97A                                      3      2             298     -6.999    -29.000    -73.800    -21.992 1OGA.pdb
1OGA_ABC_DE__SD30A                                      3      2             298     -6.199    -24.000    -60.400    -17.999 1OGA.pdb
1OGA_ABC_DE__QD32A                                      3      2             298     -6.199    -23.000    -57.000    -16.986 1OGA.pdb
1AO7_ABC_DE                                             3      2             277     -7.662      4.400     44.000     12.188 1AO7.pdb
1AO7_ABC_DE__YC5F                                       3      2             277     -7.504      5.900     48.000     13.296 1AO7.pdb
3QFJ_ABC_DE                                             3      2             277     -7.504      5.900     48.000     13.296 3QFJ.pdb
3QFJ_ABC_DE__FC5Y                                       3      2             277     -7.662      4.400     44.000     12.188 3QFJ.pdb
1LP9_ABC_EF                                             3      2             298     -8.181     -3.900     14.800      4.410 1LP9.pdb
1LP9_ABC_EF__KA66A                                      3      2             298     -7.028     -0.600     21.100      6.288 1LP9.pdb
2J8U_ABC_EF                                             3      2             298     -7.028     -0.600     21.100      6.288 2J8U.pdb
2J8U_ABC_EF__AA66K                                      3      2             298     -8.181     -3.900     14.800      4.410 2J8U.pdb
3R9A_AC_B                                               2      1             298     -7.439      3.800     37.700     11.235 3R9A.pdb
3R9A_AC_B__AA323W                                       2      1             298     -7.100      6.310     45.000     13.410 3R9A.pdb
3R9A_AC_B__YA325A                                       2      1             298     -6.425      3.970     35.000     10.430 3R9A.pdb
3R9A_AC_B__YA325W                                       2      1             298     -6.957      5.590     42.200     12.576 3R9A.pdb
3R9A_AC_B__VA331D                                       2      1             298     -7.439      4.110     38.800     11.562 3R9A.pdb
3R9A_AC_B__GA165R                                       2      1             298     -7.390      4.520     39.900     11.890 3R9A.pdb
1XGU_AB_C                                               2      1             298    -11.288    -20.900    -32.200     -9.596 1XGU.pdb
1XGU_AB_C__FB33L                                        2      1             298     -9.426    -12.600    -10.700     -3.189 1XGU.pdb
1XGU_AB_C__FB33I                                        2      1             298     -9.488    -14.000    -15.100     -4.500 1XGU.pdb
1XGU_AB_C__FB33V                                        2      1             298     -8.380    -12.200    -12.700     -3.785 1XGU.pdb
1XGU_AB_C__FB33A                                        2      1             298     -7.228     -9.000     -6.040     -1.800 1XGU.pdb
1XGP_AB_C                                               2      1             298     -7.228     -9.000     -6.040     -1.800 1XGP.pdb
1XGP_AB_C__AB33F                                        2      1             298    -11.288    -20.900    -32.200     -9.596 1XGP.pdb
1XGP_AB_C__AB33L                                        2      1             298     -9.426    -12.600    -10.700     -3.189 1XGP.pdb
1XGP_AB_C__AB33I                                        2      1             298     -9.488    -14.000    -15.100     -4.500 1XGP.pdb
1XGP_AB_C__AB33V                                        2      1             298     -8.380    -12.200    -12.700     -3.785 1XGP.pdb
1XGQ_AB_C                                               2      1             298     -8.380    -12.200    -12.700     -3.785 1XGQ.pdb
1XGQ_AB_C__VB33F                                        2      1             298    -11.288    -20.900    -32.200     -9.596 1XGQ.pdb
1XGQ_AB_C__VB33L                                        2      1             298     -9.426    -12.600    -10.700     -3.189 1XGQ.pdb
1XGQ_AB_C__VB33I                                        2      1             298     -9.488    -14.000    -15.100     -4.500 1XGQ.pdb
1XGQ_AB_C__VB33A                                        2      1             298     -7.228     -9.000     -6.040     -1.800 1XGQ.pdb
1XGR_AB_C                                               2      1             298     -9.488    -14.000    -15.100     -4.500 1XGR.pdb
1XGR_AB_C__IB33F                                        2      1             298    -11.288    -20.900    -32.200     -9.596 1XGR.pdb
1XGR_AB_C__IB33L                                        2      1             298     -9.426    -12.600    -10.700     -3.189 1XGR.pdb
1XGR_AB_C__IB33V                                        2      1             298     -8.380    -12.200    -12.700     -3.785 1XGR.pdb
1XGR_AB_C__IB33A                                        2      1             298     -7.228     -9.000     -6.040     -1.800 1XGR.pdb
1XGT_AB_C                                               2      1             298     -9.426    -12.600    -10.700     -3.189 1XGT.pdb
1XGT_AB_C__LB33F                                        2      1             298    -11.288    -20.900    -32.200     -9.596 1XGT.pdb
1XGT_AB_C__LB33I                                        2      1             298     -9.488    -14.000    -15.100     -4.500 1XGT.pdb
1XGT_AB_C__LB33V                                        2      1             298     -8.380    -12.200    -12.700     -3.785 1XGT.pdb
1XGT_AB_C__LB33A                                        2      1             298     -7.228     -9.000     -6.040     -1.800 1XGT.pdb
3UIG_A_P                                                1      1             298     -7.252     -6.130      3.740      1.115 3UIG.pdb
3UIG_A_P__EA47A                                         1      1             298     -6.605     -6.260      1.180      0.352 3UIG.pdb
3UIG_A_P__KA58A                                         1      1             298     -6.805     -5.160      5.520      1.645 3UIG.pdb
3UIG_A_P__EA61A                                         1      1             298     -5.494     -4.890      2.030      0.605 3UIG.pdb
3UIG_A_P__DA67A                                         1      1             298     -5.214     -6.210     -3.330     -0.992 3UIG.pdb
3UIG_A_P__EA72A                                         1      1             298     -5.460     -6.400     -3.130     -0.933 3UIG.pdb
3UII_A_P                                                1      1             298     -6.817     -5.510      4.380      1.305 3UII.pdb
3UII_A_P__KA58A                                         1      1             298     -6.772     -7.710     -3.110     -0.927 3UII.pdb
3UII_A_P__KA58Y_HA76W                                   1      1             298     -6.783     -3.520     10.900      3.248 3UII.pdb
3UIH_A_P                                                1      1             298     -5.341     -3.480      6.240      1.860 3UIH.pdb
3UIH_A_P__KA58Y_HA76W                                   1      1             298     -6.413     -4.440      6.640      1.979 3UIH.pdb
3M62_A_B                                                1      1             298     -9.755    -17.300    -24.800     -7.390 3M62.pdb
3M62_A_B__EA32A                                         1      1             298     -8.926     -8.100      3.020      0.900 3M62.pdb
3M62_A_B__DA46A                                         1      1             298     -6.957    -19.700    -42.600    -12.695 3M62.pdb
3M62_A_B__LA50A                                         1      1             298     -6.927    -29.700    -76.500    -22.797 3M62.pdb
3M62_A_B__TA54A                                         1      1             298     -9.738    -12.100     -7.720     -2.301 3M62.pdb
3M62_A_B__EA55A                                         1      1             298     -8.704    -11.200     -8.390     -2.500 3M62.pdb
3M62_A_B__RA98A                                         1      1             298     -8.967     -3.400     18.800      5.602 3M62.pdb
3M62_A_B__GA102A                                        1      1             298     -8.491     -7.000      5.030      1.499 3M62.pdb
3M62_A_B__YA103A                                        1      1             298     -5.280    -21.400    -54.000    -16.092 3M62.pdb
3M62_A_B__IA110A                                        1      1             298     -7.902    -12.600    -15.800     -4.708 3M62.pdb
3M62_A_B__FB7A                                          1      1             298     -8.760     -8.700      0.000      0.000 3M62.pdb
3M62_A_B__IB43A                                         1      1             298     -6.873    -19.100    -40.900    -12.188 3M62.pdb
3M62_A_B__SB45A                                         1      1             298     -8.477     -4.800     12.400      3.695 3M62.pdb
3M62_A_B__VB48A                                         1      1             298     -8.665    -12.600    -13.100     -3.904 3M62.pdb
3M62_A_B__QB50A                                         1      1             298     -8.701     -6.200      8.390      2.500 3M62.pdb
3M62_A_B__QB65A                                         1      1             298     -9.472     -9.500      0.000      0.000 3M62.pdb
3M62_A_B__VB67A                                         1      1             298     -8.618     -8.800     -0.670     -0.200 3M62.pdb
3M62_A_B__MB69A                                         1      1             298     -9.074     -7.900      4.030      1.201 3M62.pdb
3M63_A_B                                                1      1             298     -9.213    -10.100     -2.680     -0.799 3M63.pdb
3M63_A_B__EA33A                                         1      1             298     -8.567     -7.300      4.360      1.299 3M63.pdb
3M63_A_B__DA46A                                         1      1             298     -6.980     -7.600     -2.010     -0.599 3M63.pdb
3M63_A_B__LA50A                                         1      1             298     -8.636    -10.100     -5.030     -1.499 3M63.pdb
3M63_A_B__TA54A                                         1      1             298     -8.901    -10.700     -6.040     -1.800 3M63.pdb
3M63_A_B__EA55A                                         1      1             298     -8.866     -8.600      0.670      0.200 3M63.pdb
3M63_A_B__RA98A                                         1      1             298     -9.398     -7.800      5.370      1.600 3M63.pdb
3M63_A_B__GA102A                                        1      1             298     -9.088    -13.200    -13.800     -4.112 3M63.pdb
3M63_A_B__VA106A                                        1      1             298     -7.375    -10.600    -10.700     -3.189 3M63.pdb
3M63_A_B__IA110A                                        1      1             298     -8.124    -18.300    -34.200    -10.192 3M63.pdb
3M63_A_B__FA113A                                        1      1             298     -7.422     -8.300     -3.020     -0.900 3M63.pdb
3M63_A_B__GB8F_QB9K_SB65Q_HB67V_VB69M                   1      1             298     -9.026     -2.500     21.800      6.496 3M63.pdb
2VN5_A_B                                                1      1             308    -12.683    -20.800    -26.200     -8.070 2VN5.pdb
2VN5_A_B__SB42A_TB43F                                   1      1             308    -12.418    -19.300    -22.200     -6.838 2VN5.pdb
2VN5_A_B__SB42A_TB43F_TA35A                             1      1             308    -12.369    -19.800    -24.100     -7.423 2VN5.pdb
2VN5_A_B__SB42A_TB43F_NA37A                             1      1             308    -11.457    -18.200    -21.800     -6.714 2VN5.pdb
2VN5_A_B__SB42A_TB43F_YA39A                             1      1             308    -11.385    -18.200    -21.900     -6.745 2VN5.pdb
2VN5_A_B__SB42A_TB43F_SA66A                             1      1             308    -12.773    -21.500    -28.200     -8.686 2VN5.pdb
2VN5_A_B__SB42A_TB43F_SA75A                             1      1             308    -12.683    -22.400    -31.300     -9.640 2VN5.pdb
2VN5_A_B__SB42A_TB43F_NA81A                             1      1             308    -12.070    -22.300    -33.100    -10.195 2VN5.pdb
2VN5_A_B__SB42A_TB43F_IA83A                             1      1             308    -11.733    -26.700    -48.700    -15.000 2VN5.pdb
2VN5_A_B__SB42A_TB43F_MA125G                            1      1             308    -11.085    -20.200    -29.600     -9.117 2VN5.pdb
2VN5_A_B__SB42A_TB43F_KA127G                            1      1             308    -12.160    -22.100    -32.300     -9.948 2VN5.pdb
2VN5_A_B__SB42A_TB43F_TA35A_NA37A                       1      1             308    -10.997    -19.500    -27.600     -8.501 2VN5.pdb
2VN5_A_B__SB42A_TB43F_TA35A_NA37A_YA39A                 1      1             308     -8.915    -14.600    -18.500     -5.698 2VN5.pdb
2VN5_A_B__SB42A_TB43F_TA35A_NA37A_NA81A                 1      1             308     -9.522    -15.400    -19.000     -5.852 2VN5.pdb
2VN5_A_B__SB42A_TB43F_TA35A_NA37A_YA39A_NA81A           1      1             308     -7.470    -15.400    -25.700     -7.916 2VN5.pdb
2VN5_A_B__SB42A_TB43F_SA66A_SA68A_SA75A                 1      1             308    -12.541    -24.200    -37.700    -11.612 2VN5.pdb
2VN5_A_B__SB42A_TB43F_MA125G_KA127A                     1      1             308    -10.263    -19.800    -31.000     -9.548 2VN5.pdb
2VN5_A_B__SB42A_TB43F_AB14S_LB15T                       1      1             308    -12.323    -18.000    -18.500     -5.698 2VN5.pdb
2VN5_A_B__SB42A_TB43F_AB14Q_LB15Q                       1      1             308    -12.527    -17.500    -16.100     -4.959 2VN5.pdb
2VN5_A_B__AB14S_LB15T                                   1      1             308    -11.364    -18.600    -23.500     -7.238 2VN5.pdb
2VN5_A_B__SB42Q_TB43Q                                   1      1             308    -11.712    -22.600    -35.100    -10.811 2VN5.pdb
2VN5_A_B__SB42A_TB43F_FB17A_LB45A                       1      1             308     -7.555    -18.100    -34.100    -10.503 2VN5.pdb
2DVW_A_B                                                1      1             298     -9.778    -28.700    -63.760    -19.000 2DVW.pdb
2DVW_A_B__RB7A                                          1      1             298     -9.085    -22.000    -43.290    -12.900 2DVW.pdb
2DVW_A_B__RB3A_RB7A                                     1      1             298     -7.626     -6.100      5.030      1.499 2DVW.pdb
2DVW_A_B__RB3A_RB4A_RB7A                                1      1             298     -6.990     -2.200     15.770      4.699 2DVW.pdb
2DVW_A_B__EB21A_EB22A                                   1      1             298     -9.740    -27.300    -58.720    -17.499 2DVW.pdb
2DVW_A_B__KB62E                                         1      1             298     -9.573    -25.600    -53.360    -15.901 2DVW.pdb
2DVW_A_B__KA114A                                        1      1             298     -9.744    -24.000    -47.990    -14.301 2DVW.pdb
2DVW_A_B__DA37A_DA69A                                   1      1             298     -9.587    -25.000    -51.680    -15.401 2DVW.pdb
2DVW_A_B__RA39A_KA114A                                  1      1             298     -7.417     -4.900      8.390      2.500 2DVW.pdb
2DVW_A_B__EA180A                                        1      1             298     -9.340    -28.200    -63.090    -18.801 2DVW.pdb
3WWN_A_B                                                1      1             333     -7.891     -6.360      4.020      1.339 3WWN.pdb
3WWN_A_B__RA221E                                        1      1             333     -8.267     -6.030      6.160      2.051 3WWN.pdb
3WWN_A_B__KA225E                                        1      1             333     -7.716     -5.460      6.280      2.091 3WWN.pdb
4JEU_A_B                                                1      1             298    -12.072    -34.600    -75.590    -22.526 4JEU.pdb
4JEU_A_B__RA169A                                        1      1             298    -12.482    -36.200    -79.590    -23.718 4JEU.pdb
4JEU_A_B__RA37C                                         1      1             298    -11.162    -27.100    -53.480    -15.937 4JEU.pdb
4JEU_A_B__LB147A_EB148A                                 1      1             298    -10.878    -34.800    -80.270    -23.920 4JEU.pdb
4JEU_A_B__IB215A                                        1      1             298     -8.832    -16.000    -24.050     -7.167 4JEU.pdb
4JEU_A_B__RB3A                                          1      1             298    -10.944    -27.300    -54.880    -16.354 4JEU.pdb
4JEU_A_B__TB4A                                          1      1             298    -11.891    -32.600    -69.490    -20.708 4JEU.pdb
4JEU_A_B__LB7A                                          1      1             298    -10.963    -27.300    -54.820    -16.336 4JEU.pdb
1U7F_B_AC                                               1      2             310    -10.264     -7.500      8.800      2.728 1U7F.pdb
1U7F_B_AC__RB65A                                        1      2             310     -8.457     -8.500      0.010      0.003 1U7F.pdb
1U7F_B_AC__DB140A                                       1      2             310     -7.484     -3.800     11.900      3.689 1U7F.pdb
2REX_A_B                                                1      1             298     -7.171     -6.700      1.680      0.501 2REX.pdb
2REX_A_B__LA70Y                                         1      1             298     -6.614     -1.400     17.400      5.185 2REX.pdb
3Q3J_A_B                                                1      1             298     -7.028     -8.000     -3.360     -1.001 3Q3J.pdb
3Q3J_A_B__YB100F                                        1      1             298     -6.817     -4.100      9.060      2.700 3Q3J.pdb
3NVN_B_A                                                1      1             303    -11.128    -14.600    -11.500     -3.485 3NVN.pdb
3NVN_B_A__RB186S                                        1      1             303     -9.838    -10.100     -0.800     -0.242 3NVN.pdb
1JTG_A_B                                                1      1             303    -13.800     -7.400     21.100      6.393 1JTG.pdb
1JTG_A_B__FB36A                                         1      1             303     -9.907    -10.200     -1.000     -0.303 1JTG.pdb
1JTG_A_B__FB36A                                         1      1             298     -9.984     -4.100     19.900      5.930 1JTG.pdb
1JTG_A_B__FB36A                                         1      1             279     -9.859      6.400     58.200     16.238 1JTG.pdb
1JTG_A_B__HB41A                                         1      1             301    -10.211     -5.100     17.100      5.147 1JTG.pdb
1JTG_A_B__HB41A                                         1      1             281     -9.358      6.500     56.300     15.820 1JTG.pdb
1JTG_A_B__HB41A                                         1      1             279     -8.812      8.100     61.000     17.019 1JTG.pdb
1JTG_A_B__DB49A                                         1      1             288     -9.988      6.000     55.600     16.013 1JTG.pdb
1JTG_A_B__DB49A                                         1      1             283     -9.980      7.800     63.000     17.829 1JTG.pdb
1JTG_A_B__DB49A                                         1      1             279     -9.991      8.400     66.000     18.414 1JTG.pdb
1JTG_A_B__YB53A                                         1      1             303    -10.539     -7.200     11.000      3.333 1JTG.pdb
1JTG_A_B__YB53A                                         1      1             281     -9.188      5.100     50.800     14.275 1JTG.pdb
1JTG_A_B__YB53A                                         1      1             279     -9.525      5.600     54.100     15.094 1JTG.pdb
1JTG_A_B__KB74A                                         1      1             303     -9.762     -8.700      3.600      1.091 1JTG.pdb
1JTG_A_B__KB74A                                         1      1             298     -9.482     -6.300     10.600      3.159 1JTG.pdb
1JTG_A_B__KB74A                                         1      1             279     -9.196      3.500     45.300     12.639 1JTG.pdb
1JTG_A_B__WB112A                                        1      1             303    -10.324     -8.800      4.900      1.485 1JTG.pdb
1JTG_A_B__WB112A                                        1      1             301    -10.469     -8.500      6.600      1.987 1JTG.pdb
1JTG_A_B__WB112A                                        1      1             279     -9.965      3.300     47.500     13.252 1JTG.pdb
1JTG_A_B__FB142A                                        1      1             303    -10.508     -6.500     13.300      4.030 1JTG.pdb
1JTG_A_B__FB142A                                        1      1             281     -9.532      5.300     52.900     14.865 1JTG.pdb
1JTG_A_B__FB142A                                        1      1             279     -9.676      6.000     56.300     15.708 1JTG.pdb
1JTG_A_B__HB148A                                        1      1             303    -11.310     -8.200     10.300      3.121 1JTG.pdb
1JTG_A_B__HB148A                                        1      1             285     -9.520      5.600     53.000     15.105 1JTG.pdb
1JTG_A_B__HB148A                                        1      1             279     -9.081      7.400     59.000     16.461 1JTG.pdb
1JTG_A_B__WB150A                                        1      1             288     -8.303      7.500     54.900     15.811 1JTG.pdb
1JTG_A_B__WB150A                                        1      1             283     -8.548      8.500     60.300     17.065 1JTG.pdb
1JTG_A_B__WB150A                                        1      1             279     -8.043     10.000     64.600     18.023 1JTG.pdb
1JTG_A_B__RB160A                                        1      1             288     -9.648      6.300     55.300     15.926 1JTG.pdb
1JTG_A_B__RB160A                                        1      1             281     -9.731      9.100     66.900     18.799 1JTG.pdb
1JTG_A_B__RB160A                                        1      1             279     -9.614     10.600     72.300     20.172 1JTG.pdb
1JTG_A_B__SB39A                                         1      1             293    -12.999      2.700     53.580     15.699 1JTG.pdb
1JTG_A_B__GB48A                                         1      1             303    -12.477     -4.700     25.740      7.799 1JTG.pdb
1JTG_A_B__GB48A                                         1      1             279    -10.891      8.900     70.940     19.792 1JTG.pdb
1JTG_A_B__YB50A                                         1      1             303    -15.911    -10.200     18.850      5.712 1JTG.pdb
1JTG_A_B__YB50A                                         1      1             288    -15.165     -3.900     39.120     11.267 1JTG.pdb
1JTG_A_B__YB51A                                         1      1             303    -12.640     -9.500     10.360      3.139 1JTG.pdb
1JTG_A_B__YB51A                                         1      1             298    -12.511     -4.400     27.220      8.112 1JTG.pdb
1JTG_A_B__YB51A                                         1      1             279    -11.735     10.000     77.910     21.737 1JTG.pdb
1JTG_A_B__SB71A                                         1      1             303    -13.200     -3.200     33.000      9.999 1JTG.pdb
1JTG_A_B__EB73A                                         1      1             303    -12.798     -9.100     12.210      3.700 1JTG.pdb
1JTG_A_B__SB113A                                        1      1             288    -13.599      2.500     55.900     16.099 1JTG.pdb
1JTG_A_B__GB141A                                        1      1             303    -11.899    -11.900      0.000      0.000 1JTG.pdb
1JTG_A_B__YB143A                                        1      1             298    -12.681      3.800     55.310     16.482 1JTG.pdb
1JTG_A_B__YB143A                                        1      1             279    -11.249     15.600     96.240     26.851 1JTG.pdb
1JTG_A_B__RB144A                                        1      1             303    -12.598     -6.600     19.800      5.999 1JTG.pdb
4G0N_A_B                                                1      1             308     -9.999     -8.600      4.550      1.401 4G0N.pdb
4G0N_A_B__RB6A                                          1      1             308     -8.299     -6.700      5.190      1.599 4G0N.pdb
4G0N_A_B__NB11A                                         1      1             308     -9.899     -7.600      7.470      2.301 4G0N.pdb
4G0N_A_B__QB13A                                         1      1             308     -8.299     -8.100      0.650      0.200 4G0N.pdb
4G0N_A_B__RB14A                                         1      1             308     -7.998     -6.500      5.190      1.599 4G0N.pdb
4G0N_A_B__TB15A                                         1      1             308     -8.499     -7.300      4.220      1.300 4G0N.pdb
4G0N_A_B__VB16A                                         1      1             308     -8.999     -7.100      6.170      1.900 4G0N.pdb
4G0N_A_B__KB31A                                         1      1             308     -7.799     -6.900      2.920      0.899 4G0N.pdb
4G0N_A_B__VB35A                                         1      1             308     -9.899     -8.000      6.170      1.900 4G0N.pdb
4G0N_A_B__IA21A                                         1      1             308     -9.099     -9.900     -2.600     -0.801 4G0N.pdb
4G0N_A_B__HA27A                                         1      1             308    -10.300     -8.100      6.820      2.101 4G0N.pdb
4G0N_A_B__EA31A                                         1      1             308     -9.498     -7.400      6.820      2.101 4G0N.pdb
4G0N_A_B__DA33A                                         1      1             308     -8.899     -6.500      7.790      2.399 4G0N.pdb
4G0N_A_B__IA36A                                         1      1             308     -8.199     -7.700      1.620      0.499 4G0N.pdb
4G0N_A_B__EA37A                                         1      1             308     -8.199     -6.300      5.840      1.799 4G0N.pdb
4G0N_A_B__DA38A                                         1      1             308     -6.700     -6.000      2.270      0.699 4G0N.pdb
4G0N_A_B__SA39A                                         1      1             308     -9.699     -7.700      6.170      1.900 4G0N.pdb
4G0N_A_B__RA41A                                         1      1             308    -10.599     -8.300      7.470      2.301 4G0N.pdb
4G0N_A_B__VA45A                                         1      1             308    -10.300     -7.900      7.790      2.399 4G0N.pdb
1GUA_A_B                                                1      1             298     -8.599     -5.600     10.070      3.001 1GUA.pdb
1GUA_A_B__RB4A                                          1      1             298     -7.599     -4.500     10.070      3.001 1GUA.pdb
1GUA_A_B__NB9A                                          1      1             298     -8.999     -2.900     20.810      6.201 1GUA.pdb
1GUA_A_B__KB10A                                         1      1             298     -8.999     -3.800     17.450      5.200 1GUA.pdb
1GUA_A_B__QB11A                                         1      1             298     -8.499     -4.300     14.090      4.199 1GUA.pdb
1GUA_A_B__TB13A                                         1      1             298     -7.899     -4.200     12.750      3.800 1GUA.pdb
1GUA_A_B__VB14A                                         1      1             298     -8.499     -4.500     13.420      3.999 1GUA.pdb
1GUA_A_B__KB29A                                         1      1             298     -6.601     -4.300      7.720      2.301 1GUA.pdb
1GUA_A_B__KB32A                                         1      1             298     -7.800     -4.200     12.080      3.600 1GUA.pdb
1GUA_A_B__VB33A                                         1      1             298     -8.399     -6.800      5.370      1.600 1GUA.pdb
1GUA_A_B__EA37A                                         1      1             298     -7.299     -2.700     15.440      4.601 1GUA.pdb
1GUA_A_B__SA39A                                         1      1             298     -7.200     -8.000     -2.350     -0.700 1GUA.pdb
4G0N_A_B__TB15A_IA21A                                   1      1             308     -7.799     -9.700     -6.170     -1.900 4G0N.pdb
4G0N_A_B__VB16A_IA21A                                   1      1             308     -8.397     -9.300     -2.920     -0.899 4G0N.pdb
4G0N_A_B__VB35A_IA21A                                   1      1             308     -9.699    -14.400    -15.260     -4.700 4G0N.pdb
4G0N_A_B__VB35A_HA27A                                   1      1             308     -9.800     -8.400      4.550      1.401 4G0N.pdb
4G0N_A_B__RB6A_EA31A                                    1      1             308     -7.799     -5.600      7.140      2.199 4G0N.pdb
4G0N_A_B__TB15A_EA31A                                   1      1             308     -8.397     -5.800      8.440      2.600 4G0N.pdb
4G0N_A_B__KB31A_EA31A                                   1      1             308     -7.899     -7.600      0.970      0.299 4G0N.pdb
4G0N_A_B__RB6A_DA33A                                    1      1             308     -7.400     -6.000      4.550      1.401 4G0N.pdb
4G0N_A_B__KB31A_DA33A                                   1      1             308     -7.299     -8.000     -2.270     -0.699 4G0N.pdb
4G0N_A_B__RB6A_IA36A                                    1      1             308     -5.601     -8.900    -10.710     -3.299 4G0N.pdb
4G0N_A_B__TB15A_IA36A                                   1      1             308     -6.900     -7.700     -2.600     -0.801 4G0N.pdb
4G0N_A_B__VB16A_IA36A                                   1      1             308     -7.299     -4.600      8.770      2.701 4G0N.pdb
4G0N_A_B__RB6A_EA37A                                    1      1             308     -7.599     -5.700      6.170      1.900 4G0N.pdb
4G0N_A_B__TB15A_EA37A                                   1      1             308     -7.100     -4.700      7.790      2.399 4G0N.pdb
4G0N_A_B__VB16A_EA37A                                   1      1             308     -7.199     -6.700      1.950      0.601 4G0N.pdb
4G0N_A_B__KB31A_EA37A                                   1      1             308     -6.500     -2.800     12.010      3.699 4G0N.pdb
4G0N_A_B__RB6A_DA38A                                    1      1             308     -5.401     -4.700      2.270      0.699 4G0N.pdb
4G0N_A_B__TB15A_DA38A                                   1      1             308     -6.900     -4.900      6.170      1.900 4G0N.pdb
4G0N_A_B__QB13A_SA39A                                   1      1             308     -7.899     -7.500      0.970      0.299 4G0N.pdb
4G0N_A_B__RB14A_SA39A                                   1      1             308     -7.699     -6.600      3.570      1.100 4G0N.pdb
4G0N_A_B__TB15A_SA39A                                   1      1             308     -7.998     -7.000      3.250      1.001 4G0N.pdb
4G0N_A_B__NB11A_RA41A                                   1      1             308    -10.599     -7.800      9.090      2.800 4G0N.pdb
4G0N_A_B__QB13A_RA41A                                   1      1             308     -8.699     -6.100      8.440      2.600 4G0N.pdb
4G0N_A_B__NB11A_VA45A                                   1      1             308     -9.999     -6.400     11.690      3.601 4G0N.pdb
4G0N_A_B__QB13A_VA45A                                   1      1             308     -8.397     -6.700      5.520      1.700 4G0N.pdb
4G0N_A_B__RB14A_VA45A                                   1      1             308     -8.199     -7.500      2.270      0.699 4G0N.pdb
4G0N_A_B__TB15A_VA45A                                   1      1             308     -8.899     -7.800      3.570      1.100 4G0N.pdb
1GUA_A_B__RB4A_EA37A                                    1      1             298     -7.299     -1.500     19.460      5.799 1GUA.pdb
1GUA_A_B__VB14A_EA37A                                   1      1             298     -6.900     -3.300     12.750      3.800 1GUA.pdb
4G0N_A_B                                                1      1             298     -9.676     -5.200     15.100      4.500 4G0N.pdb
4G0N_A_B__EA31A                                         1      1             298     -8.289     -3.300     16.780      5.000 4G0N.pdb
4G0N_A_B__DA33A                                         1      1             298     -8.987     -3.800     17.450      5.200 4G0N.pdb
4G0N_A_B__RA41A                                         1      1             298     -9.784     -4.000     19.460      5.799 4G0N.pdb
4G0N_A_B__RB6A                                          1      1             298     -7.638     -4.000     12.080      3.600 4G0N.pdb
4G0N_A_B__NB11A                                         1      1             298     -9.240     -5.000     14.430      4.300 4G0N.pdb
4G0N_A_B__RB14A                                         1      1             298     -8.181     -3.200     16.780      5.000 4G0N.pdb
4G0N_A_B__VB16A                                         1      1             298     -8.987     -4.000     16.780      5.000 4G0N.pdb
4G0N_A_B__KB31A                                         1      1             298     -7.638     -4.200     11.410      3.400 4G0N.pdb
4G0N_A_B__VB35A                                         1      1             298     -9.784     -5.300     15.100      4.500 4G0N.pdb
1FFW_A_B                                                1      1             298     -8.058    -12.000    -13.000     -3.874 1FFW.pdb
1FFW_A_B__AA102V                                        1      1             298     -6.695     -8.400     -5.600     -1.669 1FFW.pdb
1FFW_A_B__YA50C                                         1      1             298     -7.933    -13.600    -18.900     -5.632 1FFW.pdb
5K39_A_B                                                1      1             318    -11.319    -12.390     -3.360     -1.068 5K39.pdb
5K39_A_B__MB108A                                        1      1             318    -11.829    -10.430      4.400      1.399 5K39.pdb
5K39_A_B__MB112A                                        1      1             318    -11.568     -8.660      9.150      2.910 5K39.pdb
5K39_A_B__SB115A                                        1      1             318    -10.839    -10.280      1.760      0.560 5K39.pdb
5K39_A_B__FB142A                                        1      1             318     -8.421     -8.830     -1.320     -0.420 5K39.pdb
5K39_A_B__IB148A                                        1      1             318     -9.130     -9.750     -1.980     -0.630 5K39.pdb
5M2O_A_B                                                1      1             308    -11.375    -50.680   -128.050    -39.439 5M2O.pdb
5M2O_A_B__IB17A                                         1      1             308     -9.282    -57.260   -156.070    -48.070 5M2O.pdb
5M2O_A_B__SB18A                                         1      1             308    -11.326    -46.600   -114.030    -35.121 5M2O.pdb
5M2O_A_B__VB21A                                         1      1             308     -8.851    -52.080   -140.060    -43.138 5M2O.pdb
5M2O_A_B__QB25A                                         1      1             308    -10.192    -48.270   -124.060    -38.210 5M2O.pdb
5M2O_A_B__KB32A                                         1      1             308    -10.276    -59.730   -160.060    -49.298 5M2O.pdb
5M2O_A_B__QB61A                                         1      1             308    -11.538    -39.450    -90.030    -27.729 5M2O.pdb
5M2O_A_B__LB65A                                         1      1             308    -10.496    -59.840   -160.060    -49.298 5M2O.pdb
5M2O_A_B__VB21A_QB25A                                   1      1             308     -7.948    -48.790   -133.050    -40.979 5M2O.pdb
5M2O_A_B__NA64A                                         1      1             308    -11.332    -58.630   -153.080    -47.149 5M2O.pdb
5M2O_A_B__NA71A                                         1      1             308    -11.215    -52.700   -135.060    -41.598 5M2O.pdb
5M2O_A_B__KA73A                                         1      1             308    -12.157    -57.420   -147.080    -45.301 5M2O.pdb
5M2O_A_B__LA75A                                         1      1             308     -9.694    -51.930   -137.050    -42.211 5M2O.pdb
5M2O_A_B__EA80A                                         1      1             308    -10.652    -55.450   -145.060    -44.678 5M2O.pdb
5M2O_A_B__HA117A                                        1      1             308    -10.463    -52.630   -137.240    -42.270 5M2O.pdb
5M2O_A_B__NA120A                                        1      1             308    -10.910    -52.800   -136.040    -41.900 5M2O.pdb
5M2O_A_B__EA80A_HA117A                                  1      1             308     -8.762    -66.860   -189.090    -58.240 5M2O.pdb
5M2O_A_B__NA71A_HA117A                                  1      1             308     -9.013    -50.840   -136.040    -41.900 5M2O.pdb
5M2O_A_B__NA71A_NA120A                                  1      1             308     -8.834    -56.310   -154.060    -47.450 5M2O.pdb
5M2O_A_B__NA71A_EA80A                                   1      1             308    -10.312    -51.760   -134.060    -41.290 5M2O.pdb
5M2O_A_B__EA80A_NA120A                                  1      1             308    -10.124    -55.040   -146.070    -44.990 5M2O.pdb
5M2O_A_B__HA117A_NA120A                                 1      1             308     -8.959    -46.440   -122.050    -37.591 5M2O.pdb
3EG5_A_B                                                1      1             293     -7.913      3.280     38.230     11.201 3EG5.pdb
3EG5_A_B__HA104F                                        1      1             293     -9.963     -0.670     31.710      9.291 3EG5.pdb
3EG5_A_B__TB73N_SB74N_HB75N                             1      1             293     -6.878      2.200     31.020      9.089 3EG5.pdb
3EG5_A_B__TB73N_SB74N_HB75N_HA104F                      1      1             293     -9.218     -1.600     26.010      7.621 3EG5.pdb
1YQV_HL_Y                                               2      1             283    -14.799    -18.700    -13.780     -3.900 1YQV.pdb
1YQV_HL_Y__RY45K                                        2      1             283    -12.899    -14.000     -3.890     -1.101 1YQV.pdb
1YQV_HL_Y                                               2      1             298    -14.499    -22.600    -27.180     -8.100 1YQV.pdb
1YQV_HL_Y__RY45K                                        2      1             298    -12.498    -19.300    -22.820     -6.800 1YQV.pdb
1YQV_HL_Y                                               2      1             310    -13.998    -28.200    -45.810    -14.201 1YQV.pdb
1YQV_HL_Y__RY45K                                        2      1             310    -12.299    -25.500    -42.580    -13.200 1YQV.pdb
1YQV_HL_Y__RY68K_TY40S_IY55V_SY91T_QY121H               2      1             283    -14.698    -15.500     -2.830     -0.801 1YQV.pdb
1YQV_HL_Y__RY68K_TY40S_IY55V_SY91T_QY121H               2      1             298    -14.499    -21.400    -23.150     -6.899 1YQV.pdb
1YQV_HL_Y__RY68K_TY40S_IY55V_SY91T_QY121H               2      1             310    -13.998    -27.600    -43.870    -13.600 1YQV.pdb
1YQV_HL_Y__RY68K_TY40S_IY55V_SY91T                      2      1             283     -9.699    -14.300    -16.250     -4.599 1YQV.pdb
1YQV_HL_Y__RY68K_TY40S_IY55V_SY91T                      2      1             298     -9.398    -20.100    -35.910    -10.701 1YQV.pdb
1YQV_HL_Y__RY68K_TY40S_IY55V_SY91T                      2      1             310     -8.699    -25.600    -54.520    -16.901 1YQV.pdb
